42.00 40.00 0.1000 0.00 0.20 0.50 C 0.00 4.759423255920410156
42.00 40.00 0.1000 0.00 0.20 0.50 P 0.00 0.808600008487701416
100.00 100.00 0.0500 0.00 0.15 1.00 P 0.00 3.714601993560791016
100.00 100.00 0.0500 0.00 0.15 1.00 C 0.00 8.591659545898437500
60.00 65.00 0.0800 0.00 0.30 0.25 C 0.00 2.133372068405151367
100.00 90.00 0.1000 0.00 0.10 0.10 C 0.00 10.895610809326171875
100.00 90.00 0.1000 0.00 0.10 0.50 C 0.00 14.421570777893066406
100.00 90.00 0.1000 0.00 0.10 1.00 C 0.00 18.630859375000000000
100.00 100.00 0.1000 0.00 0.10 0.10 C 0.00 1.814984083175659180
100.00 100.00 0.1000 0.00 0.10 0.50 C 0.00 5.850273609161376953
100.00 100.00 0.1000 0.00 0.10 1.00 C 0.00 10.308147430419921875
100.00 110.00 0.1000 0.00 0.10 0.10 C 0.00 0.003523074788972735
100.00 110.00 0.1000 0.00 0.10 0.50 C 0.00 1.140722870826721191
100.00 110.00 0.1000 0.00 0.10 1.00 C 0.00 4.216746807098388672
100.00 90.00 0.1000 0.00 0.25 0.10 C 0.00 11.135244369506835938
100.00 90.00 0.1000 0.00 0.25 0.50 C 0.00 16.092638015747070312
100.00 90.00 0.1000 0.00 0.25 1.00 C 0.00 21.163454055786132812
100.00 100.00 0.1000 0.00 0.25 0.10 C 0.00 3.659962654113769531
100.00 100.00 0.1000 0.00 0.25 0.50 C 0.00 9.582231521606445312
100.00 100.00 0.1000 0.00 0.25 1.00 C 0.00 14.975798606872558594
100.00 110.00 0.1000 0.00 0.25 0.10 C 0.00 0.589613258838653564
100.00 110.00 0.1000 0.00 0.25 0.50 C 0.00 5.123575210571289062
100.00 110.00 0.1000 0.00 0.25 1.00 C 0.00 10.160056114196777344
100.00 90.00 0.1000 0.00 0.50 0.10 C 0.00 12.919509887695312500
100.00 90.00 0.1000 0.00 0.50 0.50 C 0.00 21.438280105590820312
100.00 90.00 0.1000 0.00 0.50 1.00 C 0.00 28.643648147583007812
100.00 100.00 0.1000 0.00 0.50 0.10 C 0.00 6.779936790466308594
100.00 100.00 0.1000 0.00 0.50 0.50 C 0.00 16.263193130493164062
100.00 100.00 0.1000 0.00 0.50 1.00 C 0.00 23.926744461059570312
100.00 110.00 0.1000 0.00 0.50 0.10 C 0.00 3.061909675598144531
100.00 110.00 0.1000 0.00 0.50 0.50 C 0.00 12.155689239501953125
100.00 110.00 0.1000 0.00 0.50 1.00 C 0.00 19.929859161376953125
100.00 90.00 0.1000 0.00 0.10 0.10 P 0.00 0.000095752220659051
100.00 90.00 0.1000 0.00 0.10 0.50 P 0.00 0.032219033688306808
100.00 90.00 0.1000 0.00 0.10 1.00 P 0.00 0.066226743161678314
100.00 100.00 0.1000 0.00 0.10 0.10 P 0.00 0.819967508316040039
100.00 100.00 0.1000 0.00 0.10 0.50 P 0.00 0.973216056823730469
100.00 100.00 0.1000 0.00 0.10 1.00 P 0.00 0.791889071464538574
100.00 110.00 0.1000 0.00 0.10 0.10 P 0.00 8.909005165100097656
100.00 110.00 0.1000 0.00 0.10 0.50 P 0.00 5.775959491729736328
100.00 110.00 0.1000 0.00 0.10 1.00 P 0.00 3.748862981796264648
100.00 90.00 0.1000 0.00 0.25 0.10 P 0.00 0.239729657769203186
100.00 90.00 0.1000 0.00 0.25 0.50 P 0.00 1.703287005424499512
100.00 90.00 0.1000 0.00 0.25 1.00 P 0.00 2.598822355270385742
100.00 100.00 0.1000 0.00 0.25 0.10 P 0.00 2.664946079254150391
100.00 100.00 0.1000 0.00 0.25 0.50 P 0.00 4.705173969268798828
100.00 100.00 0.1000 0.00 0.25 1.00 P 0.00 5.459540367126464844
100.00 110.00 0.1000 0.00 0.25 0.10 P 0.00 9.495095252990722656
100.00 110.00 0.1000 0.00 0.25 0.50 P 0.00 9.758811950683593750
100.00 110.00 0.1000 0.00 0.25 1.00 P 0.00 9.692172050476074219
100.00 90.00 0.1000 0.00 0.50 0.10 P 0.00 2.023994684219360352
100.00 90.00 0.1000 0.00 0.50 0.50 P 0.00 7.048928737640380859
100.00 90.00 0.1000 0.00 0.50 1.00 P 0.00 10.079014778137207031
100.00 100.00 0.1000 0.00 0.50 0.10 P 0.00 5.784920215606689453
100.00 100.00 0.1000 0.00 0.50 0.50 P 0.00 11.386136054992675781
100.00 100.00 0.1000 0.00 0.50 1.00 P 0.00 14.410487174987792969
100.00 110.00 0.1000 0.00 0.50 0.10 P 0.00 11.967391014099121094
100.00 110.00 0.1000 0.00 0.50 0.50 P 0.00 16.790925979614257812
100.00 110.00 0.1000 0.00 0.50 1.00 P 0.00 19.461975097656250000
50.00 41.25 0.1000 0.00 0.10 0.10 C 0.00 9.160444259643554688
50.00 41.25 0.1000 0.00 0.10 0.50 C 0.00 10.762029647827148438
50.00 41.25 0.1000 0.00 0.10 1.00 C 0.00 12.677609443664550781
50.00 50.00 0.1000 0.00 0.10 0.10 C 0.00 0.907492041587829590
50.00 50.00 0.1000 0.00 0.10 0.50 C 0.00 2.925136804580688477
50.00 50.00 0.1000 0.00 0.10 1.00 C 0.00 5.154073715209960938
50.00 60.75 0.1000 0.00 0.10 0.10 C 0.00 0.000000000717454873
50.00 60.75 0.1000 0.00 0.10 0.50 C 0.00 0.028414780274033546
50.00 60.75 0.1000 0.00 0.10 1.00 C 0.00 0.481908142566680908
50.00 41.25 0.1000 0.00 0.25 0.10 C 0.00 9.166378974914550781
50.00 41.25 0.1000 0.00 0.25 0.50 C 0.00 11.066857337951660156
50.00 41.25 0.1000 0.00 0.25 1.00 C 0.00 13.316909790039062500
50.00 50.00 0.1000 0.00 0.25 0.10 C 0.00 1.829981327056884766
50.00 50.00 0.1000 0.00 0.25 0.50 C 0.00 4.791115760803222656
50.00 50.00 0.1000 0.00 0.25 1.00 C 0.00 7.487899303436279297
50.00 60.75 0.1000 0.00 0.25 0.10 C 0.00 0.014232371933758259
50.00 60.75 0.1000 0.00 0.25 0.50 C 0.00 1.102318763732910156
50.00 60.75 0.1000 0.00 0.25 1.00 C 0.00 3.104764461517333984
50.00 41.25 0.1000 0.00 0.50 0.10 C 0.00 9.499150276184082031
50.00 41.25 0.1000 0.00 0.50 0.50 C 0.00 13.034625053405761719
50.00 41.25 0.1000 0.00 0.50 1.00 C 0.00 16.348279953002929688
50.00 50.00 0.1000 0.00 0.50 0.10 C 0.00 3.389968395233154297
50.00 50.00 0.1000 0.00 0.50 0.50 C 0.00 8.131596565246582031
50.00 50.00 0.1000 0.00 0.50 1.00 C 0.00 11.963372230529785156
50.00 60.75 0.1000 0.00 0.50 0.10 C 0.00 0.517721116542816162
50.00 60.75 0.1000 0.00 0.50 0.50 C 0.00 4.285755634307861328
50.00 60.75 0.1000 0.00 0.50 1.00 C 0.00 8.058111190795898438
50.00 41.25 0.1000 0.00 0.10 0.10 P 0.00 0.000000000016396474
50.00 41.25 0.1000 0.00 0.10 0.50 P 0.00 0.000243225498707034
50.00 41.25 0.1000 0.00 0.10 1.00 P 0.00 0.002152591710910201
50.00 50.00 0.1000 0.00 0.10 0.10 P 0.00 0.409983754158020020
50.00 50.00 0.1000 0.00 0.10 0.50 P 0.00 0.486608028411865234
50.00 50.00 0.1000 0.00 0.10 1.00 P 0.00 0.395944535732269287
50.00 60.75 0.1000 0.00 0.10 0.10 P 0.00 10.145527839660644531
50.00 60.75 0.1000 0.00 0.10 0.50 P 0.00 7.815602302551269531
50.00 60.75 0.1000 0.00 0.10 1.00 P 0.00 5.450781345367431641
50.00 41.25 0.1000 0.00 0.25 0.10 P 0.00 0.005934383720159531
50.00 41.25 0.1000 0.00 0.25 0.50 P 0.00 0.305070698261260986
50.00 41.25 0.1000 0.00 0.25 1.00 P 0.00 0.641453266143798828
50.00 50.00 0.1000 0.00 0.25 0.10 P 0.00 1.332473039627075195
50.00 50.00 0.1000 0.00 0.25 0.50 P 0.00 2.352586984634399414
50.00 50.00 0.1000 0.00 0.25 1.00 P 0.00 2.729770183563232422
50.00 60.75 0.1000 0.00 0.25 0.10 P 0.00 10.159759521484375000
50.00 60.75 0.1000 0.00 0.25 0.50 P 0.00 8.889506340026855469
50.00 60.75 0.1000 0.00 0.25 1.00 P 0.00 8.073637962341308594
50.00 41.25 0.1000 0.00 0.50 0.10 P 0.00 0.338705480098724365
50.00 41.25 0.1000 0.00 0.50 0.50 P 0.00 2.272838592529296875
50.00 41.25 0.1000 0.00 0.50 1.00 P 0.00 3.672822713851928711
50.00 50.00 0.1000 0.00 0.50 0.10 P 0.00 2.892460107803344727
50.00 50.00 0.1000 0.00 0.50 0.50 P 0.00 5.693068027496337891
50.00 50.00 0.1000 0.00 0.50 1.00 P 0.00 7.205243587493896484
50.00 60.75 0.1000 0.00 0.50 0.10 P 0.00 10.663249015808105469
50.00 60.75 0.1000 0.00 0.50 0.50 P 0.00 12.072942733764648438
50.00 60.75 0.1000 0.00 0.50 1.00 P 0.00 13.026984214782714844
100.00 90.00 0.0275 0.00 0.10 0.10 C 0.00 10.247401237487792969
100.00 90.00 0.0275 0.00 0.10 0.50 C 0.00 11.355496406555175781
100.00 90.00 0.0275 0.00 0.10 1.00 C 0.00 12.841686248779296875
100.00 100.00 0.0275 0.00 0.10 0.10 C 0.00 1.401851534843444824
100.00 100.00 0.0275 0.00 0.10 0.50 C 0.00 3.536661863327026367
100.00 100.00 0.0275 0.00 0.10 1.00 C 0.00 5.437616825103759766
100.00 110.00 0.0275 0.00 0.10 0.10 C 0.00 0.001633213367313147
100.00 110.00 0.0275 0.00 0.10 0.50 C 0.00 0.454070389270782471
100.00 110.00 0.0275 0.00 0.10 1.00 C 0.00 1.532588839530944824
100.00 90.00 0.0275 0.00 0.25 0.10 C 0.00 10.541889190673828125
100.00 90.00 0.0275 0.00 0.25 0.50 C 0.00 13.710781097412109375
100.00 90.00 0.0275 0.00 0.25 1.00 C 0.00 16.827676773071289062
100.00 100.00 0.0275 0.00 0.25 0.10 C 0.00 3.287983417510986328
100.00 100.00 0.0275 0.00 0.25 0.50 C 0.00 7.698994636535644531
100.00 100.00 0.0275 0.00 0.25 1.00 C 0.00 11.227983474731445312
100.00 110.00 0.0275 0.00 0.25 0.10 C 0.00 0.492789626121520996
100.00 110.00 0.0275 0.00 0.25 0.50 C 0.00 3.858921527862548828
100.00 110.00 0.0275 0.00 0.25 1.00 C 0.00 7.162832736968994141
100.00 90.00 0.0275 0.00 0.50 0.10 C 0.00 12.443070411682128906
100.00 90.00 0.0275 0.00 0.50 0.50 C 0.00 19.594068527221679688
100.00 90.00 0.0275 0.00 0.50 1.00 C 0.00 25.369049072265625000
100.00 100.00 0.0275 0.00 0.50 0.10 C 0.00 6.430883884429931641
100.00 100.00 0.0275 0.00 0.50 0.50 C 0.00 14.629032135009765625
100.00 100.00 0.0275 0.00 0.50 1.00 C 0.00 20.858610153198242188
100.00 110.00 0.0275 0.00 0.50 0.10 C 0.00 2.855401992797851562
100.00 110.00 0.0275 0.00 0.50 0.50 C 0.00 10.762095451354980469
100.00 110.00 0.0275 0.00 0.50 1.00 C 0.00 17.109363555908203125
100.00 90.00 0.0275 0.00 0.10 0.10 P 0.00 0.000241001645918004
100.00 90.00 0.0275 0.00 0.10 0.50 P 0.00 0.126465633511543274
100.00 90.00 0.0275 0.00 0.10 1.00 P 0.00 0.400407284498214722
100.00 100.00 0.0275 0.00 0.10 0.10 P 0.00 1.127229332923889160
100.00 100.00 0.0275 0.00 0.10 0.50 P 0.00 2.171072006225585938
100.00 100.00 0.0275 0.00 0.10 1.00 P 0.00 2.725085020065307617
100.00 110.00 0.0275 0.00 0.10 0.10 P 0.00 9.699548721313476562
100.00 110.00 0.0275 0.00 0.10 0.50 P 0.00 8.951921463012695312
100.00 110.00 0.0275 0.00 0.10 1.00 P 0.00 8.548804283142089844
100.00 90.00 0.0275 0.00 0.25 0.10 P 0.00 0.294729441404342651
100.00 90.00 0.0275 0.00 0.25 0.50 P 0.00 2.481750011444091797
100.00 90.00 0.0275 0.00 0.25 1.00 P 0.00 4.386398792266845703
100.00 100.00 0.0275 0.00 0.25 0.10 P 0.00 3.013361215591430664
100.00 100.00 0.0275 0.00 0.25 0.50 P 0.00 6.333404541015625000
100.00 100.00 0.0275 0.00 0.25 1.00 P 0.00 8.515451431274414062
100.00 110.00 0.0275 0.00 0.25 0.10 P 0.00 10.190705299377441406
100.00 110.00 0.0275 0.00 0.25 0.50 P 0.00 12.356772422790527344
100.00 110.00 0.0275 0.00 0.25 1.00 P 0.00 14.179047584533691406
100.00 90.00 0.0275 0.00 0.50 0.10 P 0.00 2.195910215377807617
100.00 90.00 0.0275 0.00 0.50 0.50 P 0.00 8.365036964416503906
100.00 90.00 0.0275 0.00 0.50 1.00 P 0.00 12.927769660949707031
100.00 100.00 0.0275 0.00 0.50 0.10 P 0.00 6.156261444091796875
100.00 100.00 0.0275 0.00 0.50 0.50 P 0.00 13.263442039489746094
100.00 100.00 0.0275 0.00 0.50 1.00 P 0.00 18.146078109741210938
100.00 110.00 0.0275 0.00 0.50 0.10 P 0.00 12.553317070007324219
100.00 110.00 0.0275 0.00 0.50 0.50 P 0.00 19.259946823120117188
100.00 110.00 0.0275 0.00 0.50 1.00 P 0.00 24.125579833984375000
50.00 41.25 0.0275 0.00 0.10 0.10 C 0.00 8.863281250000000000
50.00 41.25 0.0275 0.00 0.10 0.50 C 0.00 9.314944267272949219
50.00 41.25 0.0275 0.00 0.10 1.00 C 0.00 9.890868186950683594
50.00 50.00 0.0275 0.00 0.10 0.10 C 0.00 0.700925767421722412
50.00 50.00 0.0275 0.00 0.10 0.50 C 0.00 1.768330931663513184
50.00 50.00 0.0275 0.00 0.10 1.00 C 0.00 2.718808412551879883
50.00 60.75 0.0275 0.00 0.10 0.10 C 0.00 0.000000000170861145
50.00 60.75 0.0275 0.00 0.10 0.50 C 0.00 0.006433878093957901
50.00 60.75 0.0275 0.00 0.10 1.00 C 0.00 0.106190316379070282
50.00 41.25 0.0275 0.00 0.25 0.10 C 0.00 8.871204376220703125
50.00 41.25 0.0275 0.00 0.25 0.50 C 0.00 9.791475296020507812
50.00 41.25 0.0275 0.00 0.25 1.00 C 0.00 11.030983924865722656
50.00 50.00 0.0275 0.00 0.25 0.10 C 0.00 1.643991708755493164
50.00 50.00 0.0275 0.00 0.25 0.50 C 0.00 3.849497318267822266
50.00 50.00 0.0275 0.00 0.25 1.00 C 0.00 5.613991737365722656
50.00 60.75 0.0275 0.00 0.25 0.10 C 0.00 0.010849364101886749
50.00 60.75 0.0275 0.00 0.25 0.50 C 0.00 0.768274486064910889
50.00 60.75 0.0275 0.00 0.25 1.00 C 0.00 2.036957979202270508
50.00 41.25 0.0275 0.00 0.50 0.10 C 0.00 9.237479209899902344
50.00 41.25 0.0275 0.00 0.50 0.50 C 0.00 12.055228233337402344
50.00 41.25 0.0275 0.00 0.50 1.00 C 0.00 14.655916213989257812
50.00 50.00 0.0275 0.00 0.50 0.10 C 0.00 3.215441942214965820
50.00 50.00 0.0275 0.00 0.50 0.50 C 0.00 7.314516067504882812
50.00 50.00 0.0275 0.00 0.50 1.00 C 0.00 10.429305076599121094
50.00 60.75 0.0275 0.00 0.50 0.10 C 0.00 0.473089218139648438
50.00 60.75 0.0275 0.00 0.50 0.50 C 0.00 3.727049112319946289
50.00 60.75 0.0275 0.00 0.50 1.00 C 0.00 6.800854206085205078
50.00 41.25 0.0275 0.00 0.10 0.10 P 0.00 0.000000000074528550
50.00 41.25 0.0275 0.00 0.10 0.50 P 0.00 0.001638760091736913
50.00 41.25 0.0275 0.00 0.10 1.00 P 0.00 0.021948626264929771
50.00 50.00 0.0275 0.00 0.10 0.10 P 0.00 0.563614666461944580
50.00 50.00 0.0275 0.00 0.10 0.50 P 0.00 1.085536003112792969
50.00 50.00 0.0275 0.00 0.10 1.00 P 0.00 1.362542510032653809
50.00 60.75 0.0275 0.00 0.10 0.10 P 0.00 10.583167076110839844
50.00 60.75 0.0275 0.00 0.10 0.50 P 0.00 9.926837921142578125
50.00 60.75 0.0275 0.00 0.10 1.00 P 0.00 9.208327293395996094
50.00 41.25 0.0275 0.00 0.25 0.10 P 0.00 0.007922320626676083
50.00 41.25 0.0275 0.00 0.25 0.50 P 0.00 0.478169590234756470
50.00 41.25 0.0275 0.00 0.25 1.00 P 0.00 1.162065029144287109
50.00 50.00 0.0275 0.00 0.25 0.10 P 0.00 1.506680607795715332
50.00 50.00 0.0275 0.00 0.25 0.50 P 0.00 3.166702270507812500
50.00 50.00 0.0275 0.00 0.25 1.00 P 0.00 4.257725715637207031
50.00 60.75 0.0275 0.00 0.25 0.10 P 0.00 10.594016075134277344
50.00 60.75 0.0275 0.00 0.25 0.50 P 0.00 10.688678741455078125
50.00 60.75 0.0275 0.00 0.25 1.00 P 0.00 11.139095306396484375
50.00 41.25 0.0275 0.00 0.50 0.10 P 0.00 0.374197632074356079
50.00 41.25 0.0275 0.00 0.50 0.50 P 0.00 2.741922140121459961
50.00 41.25 0.0275 0.00 0.50 1.00 P 0.00 4.786996841430664062
50.00 50.00 0.0275 0.00 0.50 0.10 P 0.00 3.078130722045898438
50.00 50.00 0.0275 0.00 0.50 0.50 P 0.00 6.631721019744873047
50.00 50.00 0.0275 0.00 0.50 1.00 P 0.00 9.073039054870605469
50.00 60.75 0.0275 0.00 0.50 0.10 P 0.00 11.056256294250488281
50.00 60.75 0.0275 0.00 0.50 0.50 P 0.00 13.647453308105468750
50.00 60.75 0.0275 0.00 0.50 1.00 P 0.00 15.902991294860839844
100.00 90.00 0.0500 0.00 0.10 0.10 C 0.00 10.449058532714843750
100.00 90.00 0.0500 0.00 0.10 0.50 C 0.00 12.306754112243652344
100.00 90.00 0.0500 0.00 0.10 1.00 C 0.00 14.628840446472167969
100.00 100.00 0.0500 0.00 0.10 0.10 C 0.00 1.523436665534973145
100.00 100.00 0.0500 0.00 0.10 0.50 C 0.00 4.192271232604980469
100.00 100.00 0.0500 0.00 0.10 1.00 C 0.00 6.804963111877441406
100.00 110.00 0.0500 0.00 0.10 0.10 C 0.00 0.002083505038172007
100.00 110.00 0.0500 0.00 0.10 0.50 C 0.00 0.616571485996246338
100.00 110.00 0.0500 0.00 0.10 1.00 C 0.00 2.173950433731079102
100.00 90.00 0.0500 0.00 0.25 0.10 C 0.00 10.725498199462890625
100.00 90.00 0.0500 0.00 0.25 0.50 C 0.00 14.437116622924804688
100.00 90.00 0.0500 0.00 0.25 1.00 C 0.00 18.140769958496093750
100.00 100.00 0.0500 0.00 0.25 0.10 C 0.00 3.400893926620483398
100.00 100.00 0.0500 0.00 0.25 0.50 C 0.00 8.260004997253417969
100.00 100.00 0.0500 0.00 0.25 1.00 C 0.00 12.335986137390136719
100.00 110.00 0.0500 0.00 0.25 0.10 C 0.00 0.521347641944885254
100.00 110.00 0.0500 0.00 0.25 0.50 C 0.00 4.225789070129394531
100.00 110.00 0.0500 0.00 0.25 1.00 C 0.00 8.026371002197265625
100.00 90.00 0.0500 0.00 0.50 0.10 C 0.00 12.590255737304687500
100.00 90.00 0.0500 0.00 0.50 0.50 C 0.00 20.159976959228515625
100.00 90.00 0.0500 0.00 0.50 1.00 C 0.00 26.372713088989257812
100.00 100.00 0.0500 0.00 0.50 0.10 C 0.00 6.538072109222412109
100.00 100.00 0.0500 0.00 0.50 0.50 C 0.00 15.127170562744140625
100.00 100.00 0.0500 0.00 0.50 1.00 C 0.00 21.792596817016601562
100.00 110.00 0.0500 0.00 0.50 0.10 C 0.00 2.918389320373535156
100.00 110.00 0.0500 0.00 0.50 0.50 C 0.00 11.184108734130859375
100.00 110.00 0.0500 0.00 0.50 1.00 C 0.00 17.962314605712890625
100.00 90.00 0.0500 0.00 0.10 0.10 P 0.00 0.000181894138222560
100.00 90.00 0.0500 0.00 0.10 0.50 P 0.00 0.084646128118038177
100.00 90.00 0.0500 0.00 0.10 1.00 P 0.00 0.239488437771797180
100.00 100.00 0.0500 0.00 0.10 0.10 P 0.00 1.024684667587280273
100.00 100.00 0.0500 0.00 0.10 0.50 P 0.00 1.723262310028076172
100.00 100.00 0.0500 0.00 0.10 1.00 P 0.00 1.927905440330505371
100.00 110.00 0.0500 0.00 0.10 0.10 P 0.00 9.453455924987792969
100.00 110.00 0.0500 0.00 0.10 0.50 P 0.00 7.900661945343017578
100.00 110.00 0.0500 0.00 0.10 1.00 P 0.00 6.809186935424804688
100.00 90.00 0.0500 0.00 0.25 0.10 P 0.00 0.276620984077453613
100.00 90.00 0.0500 0.00 0.25 0.50 P 0.00 2.215008258819580078
100.00 90.00 0.0500 0.00 0.25 1.00 P 0.00 3.751418352127075195
100.00 100.00 0.0500 0.00 0.25 0.10 P 0.00 2.902141809463500977
100.00 100.00 0.0500 0.00 0.25 0.50 P 0.00 5.790995597839355469
100.00 100.00 0.0500 0.00 0.25 1.00 P 0.00 7.458928585052490234
100.00 110.00 0.0500 0.00 0.25 0.10 P 0.00 9.972720146179199219
100.00 110.00 0.0500 0.00 0.25 0.50 P 0.00 11.509879112243652344
100.00 110.00 0.0500 0.00 0.25 1.00 P 0.00 12.661607742309570312
100.00 90.00 0.0500 0.00 0.50 0.10 P 0.00 2.141378402709960938
100.00 90.00 0.0500 0.00 0.50 0.50 P 0.00 7.937868118286132812
100.00 90.00 0.0500 0.00 0.50 1.00 P 0.00 11.983361244201660156
100.00 100.00 0.0500 0.00 0.50 0.10 P 0.00 6.039319992065429688
100.00 100.00 0.0500 0.00 0.50 0.50 P 0.00 12.658161163330078125
100.00 100.00 0.0500 0.00 0.50 1.00 P 0.00 16.915538787841796875
100.00 110.00 0.0500 0.00 0.50 0.10 P 0.00 12.369762420654296875
100.00 110.00 0.0500 0.00 0.50 0.50 P 0.00 18.468198776245117188
100.00 110.00 0.0500 0.00 0.50 1.00 P 0.00 22.597551345825195312
50.00 41.25 0.0500 0.00 0.10 0.10 C 0.00 8.955735206604003906
50.00 41.25 0.0500 0.00 0.10 0.50 C 0.00 9.769395828247070312
50.00 41.25 0.0500 0.00 0.10 1.00 C 0.00 10.772989273071289062
50.00 50.00 0.0500 0.00 0.10 0.10 C 0.00 0.761718332767486572
50.00 50.00 0.0500 0.00 0.10 0.50 C 0.00 2.096135616302490234
50.00 50.00 0.0500 0.00 0.10 1.00 C 0.00 3.402481555938720703
50.00 60.75 0.0500 0.00 0.10 0.10 C 0.00 0.000000000268144534
50.00 60.75 0.0500 0.00 0.10 0.50 C 0.00 0.010446869768202305
50.00 60.75 0.0500 0.00 0.10 1.00 C 0.00 0.177236154675483704
50.00 41.25 0.0500 0.00 0.25 0.10 C 0.00 8.962984085083007812
50.00 41.25 0.0500 0.00 0.25 0.50 C 0.00 10.185792922973632812
50.00 41.25 0.0500 0.00 0.25 1.00 C 0.00 11.734445571899414062
50.00 50.00 0.0500 0.00 0.25 0.10 C 0.00 1.700446963310241699
50.00 50.00 0.0500 0.00 0.25 0.50 C 0.00 4.130002498626708984
50.00 50.00 0.0500 0.00 0.25 1.00 C 0.00 6.167993068695068359
50.00 60.75 0.0500 0.00 0.25 0.10 C 0.00 0.011811829172074795
50.00 60.75 0.0500 0.00 0.25 0.50 C 0.00 0.862122714519500732
50.00 60.75 0.0500 0.00 0.25 1.00 C 0.00 2.335402965545654297
50.00 41.25 0.0500 0.00 0.50 0.10 C 0.00 9.318598747253417969
50.00 41.25 0.0500 0.00 0.50 0.50 C 0.00 12.357234954833984375
50.00 41.25 0.0500 0.00 0.50 1.00 C 0.00 15.177352905273437500
50.00 50.00 0.0500 0.00 0.50 0.10 C 0.00 3.269036054611206055
50.00 50.00 0.0500 0.00 0.50 0.50 C 0.00 7.563585281372070312
50.00 50.00 0.0500 0.00 0.50 1.00 C 0.00 10.896298408508300781
50.00 60.75 0.0500 0.00 0.50 0.10 C 0.00 0.486593931913375854
50.00 60.75 0.0500 0.00 0.50 0.50 C 0.00 3.894991397857666016
50.00 60.75 0.0500 0.00 0.50 1.00 C 0.00 7.178308486938476562
50.00 41.25 0.0500 0.00 0.10 0.10 P 0.00 0.000000000046837156
50.00 41.25 0.0500 0.00 0.10 0.50 P 0.00 0.000929484085645527
50.00 41.25 0.0500 0.00 0.10 1.00 P 0.00 0.011203411035239697
50.00 50.00 0.0500 0.00 0.10 0.10 P 0.00 0.512342333793640137
50.00 50.00 0.0500 0.00 0.10 0.50 P 0.00 0.861631155014038086
50.00 50.00 0.0500 0.00 0.10 1.00 P 0.00 0.963952720165252686
50.00 60.75 0.0500 0.00 0.10 0.10 P 0.00 10.447008132934570312
50.00 60.75 0.0500 0.00 0.10 0.50 P 0.00 9.260523796081542969
50.00 60.75 0.0500 0.00 0.10 1.00 P 0.00 7.964423656463623047
50.00 41.25 0.0500 0.00 0.25 0.10 P 0.00 0.007248461712151766
50.00 41.25 0.0500 0.00 0.25 0.50 P 0.00 0.417326867580413818
50.00 41.25 0.0500 0.00 0.25 1.00 P 0.00 0.972659587860107422
50.00 50.00 0.0500 0.00 0.25 0.10 P 0.00 1.451070904731750488
50.00 50.00 0.0500 0.00 0.25 0.50 P 0.00 2.895497798919677734
50.00 50.00 0.0500 0.00 0.25 1.00 P 0.00 3.729464292526245117
50.00 60.75 0.0500 0.00 0.25 0.10 P 0.00 10.458820343017578125
50.00 60.75 0.0500 0.00 0.25 0.50 P 0.00 10.112199783325195312
50.00 60.75 0.0500 0.00 0.25 1.00 P 0.00 10.122591018676757812
50.00 41.25 0.0500 0.00 0.50 0.10 P 0.00 0.362863332033157349
50.00 41.25 0.0500 0.00 0.50 0.50 P 0.00 2.588768482208251953
50.00 41.25 0.0500 0.00 0.50 1.00 P 0.00 4.415566921234130859
50.00 50.00 0.0500 0.00 0.50 0.10 P 0.00 3.019659996032714844
50.00 50.00 0.0500 0.00 0.50 0.50 P 0.00 6.329080581665039062
50.00 50.00 0.0500 0.00 0.50 1.00 P 0.00 8.457769393920898438
50.00 60.75 0.0500 0.00 0.50 0.10 P 0.00 10.933602333068847656
50.00 60.75 0.0500 0.00 0.50 0.50 P 0.00 13.145068168640136719
50.00 60.75 0.0500 0.00 0.50 1.00 P 0.00 14.965496063232421875
100.00 90.00 0.0725 0.00 0.10 0.10 C 0.00 10.650277137756347656
100.00 90.00 0.0725 0.00 0.10 0.50 C 0.00 13.259583473205566406
100.00 90.00 0.0725 0.00 0.10 1.00 C 0.00 16.431764602661132812
100.00 100.00 0.0725 0.00 0.10 0.10 C 0.00 1.651032090187072754
100.00 100.00 0.0725 0.00 0.10 0.50 C 0.00 4.906253337860107422
100.00 100.00 0.0725 0.00 0.10 1.00 C 0.00 8.313008308410644531
100.00 110.00 0.0725 0.00 0.10 0.10 C 0.00 0.002646197564899921
100.00 110.00 0.0725 0.00 0.10 0.50 C 0.00 0.822087705135345459
100.00 110.00 0.0725 0.00 0.10 1.00 C 0.00 2.984536886215209961
100.00 90.00 0.0725 0.00 0.25 0.10 C 0.00 10.909604072570800781
100.00 90.00 0.0725 0.00 0.25 0.50 C 0.00 15.175518989562988281
100.00 90.00 0.0725 0.00 0.25 1.00 C 0.00 19.485080718994140625
100.00 100.00 0.0725 0.00 0.25 0.10 C 0.00 3.516086578369140625
100.00 100.00 0.0725 0.00 0.25 0.50 C 0.00 8.842399597167968750
100.00 100.00 0.0725 0.00 0.25 1.00 C 0.00 13.495078086853027344
100.00 110.00 0.0725 0.00 0.25 0.10 C 0.00 0.551230669021606445
100.00 110.00 0.0725 0.00 0.25 0.50 C 0.00 4.615616798400878906
100.00 110.00 0.0725 0.00 0.25 1.00 C 0.00 8.950419425964355469
100.00 90.00 0.0725 0.00 0.50 0.10 C 0.00 12.738053321838378906
100.00 90.00 0.0725 0.00 0.50 0.50 C 0.00 20.731790542602539062
100.00 90.00 0.0725 0.00 0.50 1.00 C 0.00 27.388177871704101562
100.00 100.00 0.0725 0.00 0.50 0.10 C 0.00 6.646286964416503906
100.00 100.00 0.0725 0.00 0.50 0.50 C 0.00 15.633506774902343750
100.00 100.00 0.0725 0.00 0.50 1.00 C 0.00 22.743364334106445312
100.00 110.00 0.0725 0.00 0.50 0.10 C 0.00 2.982365608215332031
100.00 110.00 0.0725 0.00 0.50 0.50 C 0.00 11.615595817565917969
100.00 110.00 0.0725 0.00 0.50 1.00 C 0.00 18.835720062255859375
100.00 90.00 0.0725 0.00 0.10 0.10 P 0.00 0.000136657472467050
100.00 90.00 0.0725 0.00 0.10 0.50 P 0.00 0.055508125573396683
100.00 90.00 0.0725 0.00 0.10 1.00 P 0.00 0.137680888175964355
100.00 100.00 0.0725 0.00 0.10 0.10 P 0.00 0.928653895854949951
100.00 100.00 0.0725 0.00 0.10 0.50 P 0.00 1.346169948577880859
100.00 100.00 0.0725 0.00 0.10 1.00 P 0.00 1.319583058357238770
100.00 110.00 0.0725 0.00 0.10 0.10 P 0.00 9.208029747009277344
100.00 110.00 0.0725 0.00 0.10 0.50 P 0.00 6.905995845794677734
100.00 110.00 0.0725 0.00 0.10 1.00 P 0.00 5.291769027709960938
100.00 90.00 0.0725 0.00 0.25 0.10 P 0.00 0.259463965892791748
100.00 90.00 0.0725 0.00 0.25 0.50 P 0.00 1.971443772315979004
100.00 90.00 0.0725 0.00 0.25 1.00 P 0.00 3.190998077392578125
100.00 100.00 0.0725 0.00 0.25 0.10 P 0.00 2.793708324432373047
100.00 100.00 0.0725 0.00 0.25 0.50 P 0.00 5.282316207885742188
100.00 100.00 0.0725 0.00 0.25 1.00 P 0.00 6.501652240753173828
100.00 110.00 0.0725 0.00 0.25 0.10 P 0.00 9.756614685058593750
100.00 110.00 0.0725 0.00 0.25 0.50 P 0.00 10.699524879455566406
100.00 110.00 0.0725 0.00 0.25 1.00 P 0.00 11.257652282714843750
100.00 90.00 0.0725 0.00 0.50 0.10 P 0.00 2.087912797927856445
100.00 90.00 0.0725 0.00 0.50 0.50 P 0.00 7.527714729309082031
100.00 90.00 0.0725 0.00 0.50 1.00 P 0.00 11.094094276428222656
100.00 100.00 0.0725 0.00 0.50 0.10 P 0.00 5.923908710479736328
100.00 100.00 0.0725 0.00 0.50 0.50 P 0.00 12.073423385620117188
100.00 100.00 0.0725 0.00 0.50 1.00 P 0.00 15.749939918518066406
100.00 110.00 0.0725 0.00 0.50 0.10 P 0.00 12.187749862670898438
100.00 110.00 0.0725 0.00 0.50 0.50 P 0.00 17.699502944946289062
100.00 110.00 0.0725 0.00 0.50 1.00 P 0.00 21.142951965332031250
50.00 41.25 0.0725 0.00 0.10 0.10 C 0.00 9.047981262207031250
50.00 41.25 0.0725 0.00 0.10 0.50 C 0.00 10.219050407409667969
50.00 41.25 0.0725 0.00 0.10 1.00 C 0.00 11.640265464782714844
50.00 50.00 0.0725 0.00 0.10 0.10 C 0.00 0.825516045093536377
50.00 50.00 0.0725 0.00 0.10 0.50 C 0.00 2.453126668930053711
50.00 50.00 0.0725 0.00 0.10 1.00 C 0.00 4.156504154205322266
50.00 60.75 0.0725 0.00 0.10 0.10 C 0.00 0.000000000418787172
50.00 60.75 0.0725 0.00 0.10 0.50 C 0.00 0.016602182760834694
50.00 60.75 0.0725 0.00 0.10 1.00 C 0.00 0.284483134746551514
50.00 41.25 0.0725 0.00 0.25 0.10 C 0.00 9.054608345031738281
50.00 41.25 0.0725 0.00 0.25 0.50 C 0.00 10.581658363342285156
50.00 41.25 0.0725 0.00 0.25 1.00 C 0.00 12.444199562072753906
50.00 50.00 0.0725 0.00 0.25 0.10 C 0.00 1.758043289184570312
50.00 50.00 0.0725 0.00 0.25 0.50 C 0.00 4.421199798583984375
50.00 50.00 0.0725 0.00 0.25 1.00 C 0.00 6.747539043426513672
50.00 60.75 0.0725 0.00 0.25 0.10 C 0.00 0.012850834988057613
50.00 60.75 0.0725 0.00 0.25 0.50 C 0.00 0.964632332324981689
50.00 60.75 0.0725 0.00 0.25 1.00 C 0.00 2.663220643997192383
50.00 41.25 0.0725 0.00 0.50 0.10 C 0.00 9.399800300598144531
50.00 41.25 0.0725 0.00 0.50 0.50 C 0.00 12.661052703857421875
50.00 41.25 0.0725 0.00 0.50 1.00 C 0.00 15.702432632446289062
50.00 50.00 0.0725 0.00 0.50 0.10 C 0.00 3.323143482208251953
50.00 50.00 0.0725 0.00 0.50 0.50 C 0.00 7.816753387451171875
50.00 50.00 0.0725 0.00 0.50 1.00 C 0.00 11.371682167053222656
50.00 60.75 0.0725 0.00 0.50 0.10 C 0.00 0.500408589839935303
50.00 60.75 0.0725 0.00 0.50 0.50 C 0.00 4.067835330963134766
50.00 60.75 0.0725 0.00 0.50 1.00 C 0.00 7.567318439483642578
50.00 41.25 0.0725 0.00 0.10 0.10 P 0.00 0.000000000029292149
50.00 41.25 0.0725 0.00 0.10 0.50 P 0.00 0.000515507534146309
50.00 41.25 0.0725 0.00 0.10 1.00 P 0.00 0.005477652419358492
50.00 50.00 0.0725 0.00 0.10 0.10 P 0.00 0.464326947927474976
50.00 50.00 0.0725 0.00 0.10 0.50 P 0.00 0.673084974288940430
50.00 50.00 0.0725 0.00 0.10 1.00 P 0.00 0.659791529178619385
50.00 60.75 0.0725 0.00 0.10 0.10 P 0.00 10.311155319213867188
50.00 60.75 0.0725 0.00 0.10 0.50 P 0.00 8.603851318359375000
50.00 60.75 0.0725 0.00 0.10 1.00 P 0.00 6.785977363586425781
50.00 41.25 0.0725 0.00 0.25 0.10 P 0.00 0.006627328228205442
50.00 41.25 0.0725 0.00 0.25 0.50 P 0.00 0.363123685121536255
50.00 41.25 0.0725 0.00 0.25 1.00 P 0.00 0.809411585330963135
50.00 50.00 0.0725 0.00 0.25 0.10 P 0.00 1.396854162216186523
50.00 50.00 0.0725 0.00 0.25 0.50 P 0.00 2.641158103942871094
50.00 50.00 0.0725 0.00 0.25 1.00 P 0.00 3.250826120376586914
50.00 60.75 0.0725 0.00 0.25 0.10 P 0.00 10.324006080627441406
50.00 60.75 0.0725 0.00 0.25 0.50 P 0.00 9.551881790161132812
50.00 60.75 0.0725 0.00 0.25 1.00 P 0.00 9.164714813232421875
50.00 41.25 0.0725 0.00 0.50 0.10 P 0.00 0.351818859577178955
50.00 41.25 0.0725 0.00 0.50 0.50 P 0.00 2.442518234252929688
50.00 41.25 0.0725 0.00 0.50 1.00 P 0.00 4.067644119262695312
50.00 50.00 0.0725 0.00 0.50 0.10 P 0.00 2.961954355239868164
50.00 50.00 0.0725 0.00 0.50 0.50 P 0.00 6.036711692810058594
50.00 50.00 0.0725 0.00 0.50 1.00 P 0.00 7.874969959259033203
50.00 60.75 0.0725 0.00 0.50 0.10 P 0.00 10.811563491821289062
50.00 60.75 0.0725 0.00 0.50 0.50 P 0.00 12.655084609985351562
50.00 60.75 0.0725 0.00 0.50 1.00 P 0.00 14.068812370300292969
100.00 90.00 0.0825 0.00 0.10 0.10 C 0.00 10.739565849304199219
100.00 90.00 0.0825 0.00 0.10 0.50 C 0.00 13.682682991027832031
100.00 90.00 0.0825 0.00 0.10 1.00 C 0.00 17.233234405517578125
100.00 100.00 0.0825 0.00 0.10 0.10 C 0.00 1.709643125534057617
100.00 100.00 0.0825 0.00 0.10 0.50 C 0.00 5.240956306457519531
100.00 100.00 0.0825 0.00 0.10 1.00 C 0.00 9.021567344665527344
100.00 110.00 0.0825 0.00 0.10 0.10 C 0.00 0.002938681282103062
100.00 110.00 0.0825 0.00 0.10 0.50 C 0.00 0.928877770900726318
100.00 110.00 0.0825 0.00 0.10 1.00 C 0.00 3.401688814163208008
100.00 90.00 0.0825 0.00 0.25 0.10 C 0.00 10.991579055786132812
100.00 90.00 0.0825 0.00 0.25 0.50 C 0.00 15.507256507873535156
100.00 90.00 0.0825 0.00 0.25 1.00 C 0.00 20.091308593750000000
100.00 100.00 0.0825 0.00 0.25 0.10 C 0.00 3.568013668060302734
100.00 100.00 0.0825 0.00 0.25 0.50 C 0.00 9.107927322387695312
100.00 100.00 0.0825 0.00 0.25 1.00 C 0.00 14.025694847106933594
100.00 110.00 0.0825 0.00 0.25 0.10 C 0.00 0.564948022365570068
100.00 110.00 0.0825 0.00 0.25 0.50 C 0.00 4.796306610107421875
100.00 110.00 0.0825 0.00 0.25 1.00 C 0.00 9.380215644836425781
100.00 90.00 0.0825 0.00 0.50 0.10 C 0.00 12.803935050964355469
100.00 90.00 0.0825 0.00 0.50 0.50 C 0.00 20.987751007080078125
100.00 90.00 0.0825 0.00 0.50 1.00 C 0.00 27.842983245849609375
100.00 100.00 0.0825 0.00 0.50 0.10 C 0.00 6.694710731506347656
100.00 100.00 0.0825 0.00 0.50 0.50 C 0.00 15.861123085021972656
100.00 100.00 0.0825 0.00 0.50 1.00 C 0.00 23.171056747436523438
100.00 110.00 0.0825 0.00 0.50 0.10 C 0.00 3.011118173599243164
100.00 110.00 0.0825 0.00 0.50 0.50 C 0.00 11.810384750366210938
100.00 110.00 0.0825 0.00 0.50 1.00 C 0.00 19.230266571044921875
100.00 90.00 0.0825 0.00 0.10 0.10 P 0.00 0.000120171534945257
100.00 90.00 0.0825 0.00 0.10 0.50 P 0.00 0.045711193233728409
100.00 90.00 0.0825 0.00 0.10 1.00 P 0.00 0.106263838708400726
100.00 100.00 0.0825 0.00 0.10 0.10 P 0.00 0.888036966323852539
100.00 100.00 0.0825 0.00 0.10 0.50 P 0.00 1.199876666069030762
100.00 100.00 0.0825 0.00 0.10 1.00 P 0.00 1.102711200714111328
100.00 110.00 0.0825 0.00 0.10 0.10 P 0.00 9.099171638488769531
100.00 110.00 0.0825 0.00 0.10 0.50 P 0.00 6.483690261840820312
100.00 110.00 0.0825 0.00 0.10 1.00 P 0.00 4.690947055816650391
100.00 90.00 0.0825 0.00 0.25 0.10 P 0.00 0.252133816480636597
100.00 90.00 0.0825 0.00 0.25 0.50 P 0.00 1.870284438133239746
100.00 90.00 0.0825 0.00 0.25 1.00 P 0.00 2.964337587356567383
100.00 100.00 0.0825 0.00 0.25 0.10 P 0.00 2.746407508850097656
100.00 100.00 0.0825 0.00 0.25 0.50 P 0.00 5.066847801208496094
100.00 100.00 0.0825 0.00 0.25 1.00 P 0.00 6.106838703155517578
100.00 110.00 0.0825 0.00 0.25 0.10 P 0.00 9.661181449890136719
100.00 110.00 0.0825 0.00 0.25 0.50 P 0.00 10.351119041442871094
100.00 110.00 0.0825 0.00 0.25 1.00 P 0.00 10.669473648071289062
100.00 90.00 0.0825 0.00 0.50 0.10 P 0.00 2.064489126205444336
100.00 90.00 0.0825 0.00 0.50 0.50 P 0.00 7.350779533386230469
100.00 90.00 0.0825 0.00 0.50 1.00 P 0.00 10.716012001037597656
100.00 100.00 0.0825 0.00 0.50 0.10 P 0.00 5.873104572296142578
100.00 100.00 0.0825 0.00 0.50 0.50 P 0.00 11.820043563842773438
100.00 100.00 0.0825 0.00 0.50 1.00 P 0.00 15.252199172973632812
100.00 110.00 0.0825 0.00 0.50 0.10 P 0.00 12.107351303100585938
100.00 110.00 0.0825 0.00 0.50 0.50 P 0.00 17.365196228027343750
100.00 110.00 0.0825 0.00 0.50 1.00 P 0.00 20.519523620605468750
50.00 41.25 0.0825 0.00 0.10 0.10 C 0.00 9.088912963867187500
50.00 41.25 0.0825 0.00 0.10 0.50 C 0.00 10.417339324951171875
50.00 41.25 0.0825 0.00 0.10 1.00 C 0.00 12.020458221435546875
50.00 50.00 0.0825 0.00 0.10 0.10 C 0.00 0.854821562767028809
50.00 50.00 0.0825 0.00 0.10 0.50 C 0.00 2.620478153228759766
50.00 50.00 0.0825 0.00 0.10 1.00 C 0.00 4.510783672332763672
50.00 60.75 0.0825 0.00 0.10 0.10 C 0.00 0.000000000509770448
50.00 60.75 0.0825 0.00 0.10 0.50 C 0.00 0.020258715376257896
50.00 60.75 0.0825 0.00 0.10 1.00 C 0.00 0.346802711486816406
50.00 41.25 0.0825 0.00 0.25 0.10 C 0.00 9.095279693603515625
50.00 41.25 0.0825 0.00 0.25 0.50 C 0.00 10.757961273193359375
50.00 41.25 0.0825 0.00 0.25 1.00 C 0.00 12.761066436767578125
50.00 50.00 0.0825 0.00 0.25 0.10 C 0.00 1.784006834030151367
50.00 50.00 0.0825 0.00 0.25 0.50 C 0.00 4.553963661193847656
50.00 50.00 0.0825 0.00 0.25 1.00 C 0.00 7.012847423553466797
50.00 60.75 0.0825 0.00 0.25 0.10 C 0.00 0.013338549062609673
50.00 60.75 0.0825 0.00 0.25 0.50 C 0.00 1.013087034225463867
50.00 60.75 0.0825 0.00 0.25 1.00 C 0.00 2.818536758422851562
50.00 41.25 0.0825 0.00 0.50 0.10 C 0.00 9.435914039611816406
50.00 41.25 0.0825 0.00 0.50 0.50 C 0.00 12.796625137329101562
50.00 41.25 0.0825 0.00 0.50 1.00 C 0.00 15.936815261840820312
50.00 50.00 0.0825 0.00 0.50 0.10 C 0.00 3.347355365753173828
50.00 50.00 0.0825 0.00 0.50 0.50 C 0.00 7.930561542510986328
50.00 50.00 0.0825 0.00 0.50 1.00 C 0.00 11.585528373718261719
50.00 60.75 0.0825 0.00 0.50 0.10 C 0.00 0.506649196147918701
50.00 60.75 0.0825 0.00 0.50 0.50 C 0.00 4.146230220794677734
50.00 60.75 0.0825 0.00 0.50 1.00 C 0.00 7.743859291076660156
50.00 41.25 0.0825 0.00 0.10 0.10 P 0.00 0.000000000023739918
50.00 41.25 0.0825 0.00 0.10 0.50 P 0.00 0.000393830880057067
50.00 41.25 0.0825 0.00 0.10 1.00 P 0.00 0.003930072300136089
50.00 50.00 0.0825 0.00 0.10 0.10 P 0.00 0.444018483161926270
50.00 50.00 0.0825 0.00 0.10 0.50 P 0.00 0.599938333034515381
50.00 50.00 0.0825 0.00 0.10 1.00 P 0.00 0.551355600357055664
50.00 60.75 0.0825 0.00 0.10 0.10 P 0.00 10.250874519348144531
50.00 60.75 0.0825 0.00 0.10 0.50 P 0.00 8.315302848815917969
50.00 60.75 0.0825 0.00 0.10 1.00 P 0.00 6.286097526550292969
50.00 41.25 0.0825 0.00 0.25 0.10 P 0.00 0.006367216352373362
50.00 41.25 0.0825 0.00 0.25 0.50 P 0.00 0.341016024351119995
50.00 41.25 0.0825 0.00 0.25 1.00 P 0.00 0.744537889957427979
50.00 50.00 0.0825 0.00 0.25 0.10 P 0.00 1.373203754425048828
50.00 50.00 0.0825 0.00 0.25 0.50 P 0.00 2.533423900604248047
50.00 50.00 0.0825 0.00 0.25 1.00 P 0.00 3.053419351577758789
50.00 60.75 0.0825 0.00 0.25 0.10 P 0.00 10.264212608337402344
50.00 60.75 0.0825 0.00 0.25 0.50 P 0.00 9.308131217956542969
50.00 60.75 0.0825 0.00 0.25 1.00 P 0.00 8.757831573486328125
50.00 41.25 0.0825 0.00 0.50 0.10 P 0.00 0.347001761198043823
50.00 41.25 0.0825 0.00 0.50 0.50 P 0.00 2.379679679870605469
50.00 41.25 0.0825 0.00 0.50 1.00 P 0.00 3.920286893844604492
50.00 50.00 0.0825 0.00 0.50 0.10 P 0.00 2.936552286148071289
50.00 50.00 0.0825 0.00 0.50 0.50 P 0.00 5.910021781921386719
50.00 50.00 0.0825 0.00 0.50 1.00 P 0.00 7.626099586486816406
50.00 60.75 0.0825 0.00 0.50 0.10 P 0.00 10.757523536682128906
50.00 60.75 0.0825 0.00 0.50 0.50 P 0.00 12.441274642944335938
50.00 60.75 0.0825 0.00 0.50 1.00 P 0.00 13.683154106140136719
100.00 90.00 0.0275 0.00 0.10 0.05 C 0.00 10.123664855957031250
100.00 90.00 0.0275 0.00 0.10 0.15 C 0.00 10.373032569885253906
100.00 90.00 0.0275 0.00 0.10 0.25 C 0.00 10.636947631835937500
100.00 90.00 0.0275 0.00 0.10 0.35 C 0.00 10.917165756225585938
100.00 90.00 0.0275 0.00 0.10 0.40 C 0.00 11.061557769775390625
100.00 90.00 0.0275 0.00 0.10 0.75 C 0.00 12.101054191589355469
100.00 100.00 0.0275 0.00 0.10 0.05 C 0.00 0.961818337440490723
100.00 100.00 0.0275 0.00 0.10 0.15 C 0.00 1.756378650665283203
100.00 100.00 0.0275 0.00 0.10 0.25 C 0.00 2.348994255065917969
100.00 100.00 0.0275 0.00 0.10 0.35 C 0.00 2.858468055725097656
100.00 100.00 0.0275 0.00 0.10 0.40 C 0.00 3.093733072280883789
100.00 100.00 0.0275 0.00 0.10 0.75 C 0.00 4.535722255706787109
100.00 110.00 0.0275 0.00 0.10 0.05 C 0.00 0.000006723584192514
100.00 110.00 0.0275 0.00 0.10 0.15 C 0.00 0.012638573534786701
100.00 110.00 0.0275 0.00 0.10 0.25 C 0.00 0.080669827759265900
100.00 110.00 0.0275 0.00 0.10 0.35 C 0.00 0.203313365578651428
100.00 110.00 0.0275 0.00 0.10 0.40 C 0.00 0.279741525650024414
100.00 110.00 0.0275 0.00 0.10 0.75 C 0.00 0.966244041919708252
100.00 90.00 0.0275 0.00 0.25 0.05 C 0.00 10.180826187133789062
100.00 90.00 0.0275 0.00 0.25 0.15 C 0.00 10.961715698242187500
100.00 90.00 0.0275 0.00 0.25 0.25 C 0.00 11.806688308715820312
100.00 90.00 0.0275 0.00 0.25 0.35 C 0.00 12.605623245239257812
100.00 90.00 0.0275 0.00 0.25 0.40 C 0.00 12.985712051391601562
100.00 90.00 0.0275 0.00 0.25 0.75 C 0.00 15.357169151306152344
100.00 100.00 0.0275 0.00 0.25 0.05 C 0.00 2.297712326049804688
100.00 100.00 0.0275 0.00 0.25 0.15 C 0.00 4.062608242034912109
100.00 100.00 0.0275 0.00 0.25 0.25 C 0.00 5.316534519195556641
100.00 100.00 0.0275 0.00 0.25 0.35 C 0.00 6.358166217803955078
100.00 100.00 0.0275 0.00 0.25 0.40 C 0.00 6.828913211822509766
100.00 100.00 0.0275 0.00 0.25 0.75 C 0.00 9.591743469238281250
100.00 110.00 0.0275 0.00 0.25 0.05 C 0.00 0.112351670861244202
100.00 110.00 0.0275 0.00 0.25 0.15 C 0.00 0.941524446010589600
100.00 110.00 0.0275 0.00 0.25 0.25 C 0.00 1.841160535812377930
100.00 110.00 0.0275 0.00 0.25 0.35 C 0.00 2.688576698303222656
100.00 110.00 0.0275 0.00 0.25 0.40 C 0.00 3.091204881668090820
100.00 110.00 0.0275 0.00 0.25 0.75 C 0.00 5.602711677551269531
100.00 90.00 0.0275 0.00 0.50 0.05 C 0.00 11.084709167480468750
100.00 90.00 0.0275 0.00 0.50 0.15 C 0.00 13.632480621337890625
100.00 90.00 0.0275 0.00 0.50 0.25 C 0.00 15.655476570129394531
100.00 90.00 0.0275 0.00 0.50 0.35 C 0.00 17.372974395751953125
100.00 90.00 0.0275 0.00 0.50 0.40 C 0.00 18.152723312377929688
100.00 90.00 0.0275 0.00 0.50 0.75 C 0.00 22.710977554321289062
100.00 100.00 0.0275 0.00 0.50 0.05 C 0.00 4.523973941802978516
100.00 100.00 0.0275 0.00 0.50 0.15 C 0.00 7.905127048492431641
100.00 100.00 0.0275 0.00 0.50 0.25 C 0.00 10.259870529174804688
100.00 100.00 0.0275 0.00 0.50 0.35 C 0.00 12.186764717102050781
100.00 100.00 0.0275 0.00 0.50 0.40 C 0.00 13.049054145812988281
100.00 100.00 0.0275 0.00 0.50 0.75 C 0.00 18.005359649658203125
100.00 110.00 0.0275 0.00 0.50 0.05 C 0.00 1.310314297676086426
100.00 110.00 0.0275 0.00 0.50 0.15 C 0.00 4.184313297271728516
100.00 110.00 0.0275 0.00 0.50 0.25 C 0.00 6.424957752227783203
100.00 110.00 0.0275 0.00 0.50 0.35 C 0.00 8.318450927734375000
100.00 110.00 0.0275 0.00 0.50 0.40 C 0.00 9.176764488220214844
100.00 110.00 0.0275 0.00 0.50 0.75 C 0.00 14.187966346740722656
100.00 90.00 0.0275 0.00 0.10 0.05 P 0.00 0.000000370816309214
100.00 90.00 0.0275 0.00 0.10 0.15 P 0.00 0.002547503449022770
100.00 90.00 0.0275 0.00 0.10 0.25 P 0.00 0.020319623872637749
100.00 90.00 0.0275 0.00 0.10 0.35 P 0.00 0.055070783942937851
100.00 90.00 0.0275 0.00 0.10 0.40 P 0.00 0.076982691884040833
100.00 90.00 0.0275 0.00 0.10 0.75 P 0.00 0.263815492391586304
100.00 100.00 0.0275 0.00 0.10 0.05 P 0.00 0.824412882328033447
100.00 100.00 0.0275 0.00 0.10 0.15 P 0.00 1.344728231430053711
100.00 100.00 0.0275 0.00 0.10 0.25 P 0.00 1.663852095603942871
100.00 100.00 0.0275 0.00 0.10 0.35 P 0.00 1.900585293769836426
100.00 100.00 0.0275 0.00 0.10 0.40 P 0.00 1.999760866165161133
100.00 100.00 0.0275 0.00 0.10 0.75 P 0.00 2.494346141815185547
100.00 110.00 0.0275 0.00 0.10 0.05 P 0.00 9.848860740661621094
100.00 110.00 0.0275 0.00 0.10 0.15 P 0.00 9.559823036193847656
100.00 110.00 0.0275 0.00 0.10 0.25 P 0.00 9.327013015747070312
100.00 110.00 0.0275 0.00 0.10 0.35 P 0.00 9.149641990661621094
100.00 110.00 0.0275 0.00 0.10 0.40 P 0.00 9.076372146606445312
100.00 110.00 0.0275 0.00 0.10 0.75 P 0.00 8.720730781555175781
100.00 90.00 0.0275 0.00 0.25 0.05 P 0.00 0.057161193341016769
100.00 90.00 0.0275 0.00 0.25 0.15 P 0.00 0.591230094432830811
100.00 90.00 0.0275 0.00 0.25 0.25 P 0.00 1.190060615539550781
100.00 90.00 0.0275 0.00 0.25 0.35 P 0.00 1.743529081344604492
100.00 90.00 0.0275 0.00 0.25 0.40 P 0.00 2.001137256622314453
100.00 90.00 0.0275 0.00 0.25 0.75 P 0.00 3.519931077957153320
100.00 100.00 0.0275 0.00 0.25 0.05 P 0.00 2.160306930541992188
100.00 100.00 0.0275 0.00 0.25 0.15 P 0.00 3.650957822799682617
100.00 100.00 0.0275 0.00 0.25 0.25 P 0.00 4.631392478942871094
100.00 100.00 0.0275 0.00 0.25 0.35 P 0.00 5.400283336639404297
100.00 100.00 0.0275 0.00 0.25 0.40 P 0.00 5.734941005706787109
100.00 100.00 0.0275 0.00 0.25 0.75 P 0.00 7.550367355346679688
100.00 110.00 0.0275 0.00 0.25 0.05 P 0.00 9.961205482482910156
100.00 110.00 0.0275 0.00 0.25 0.15 P 0.00 10.488709449768066406
100.00 110.00 0.0275 0.00 0.25 0.25 P 0.00 11.087504386901855469
100.00 110.00 0.0275 0.00 0.25 0.35 P 0.00 11.634905815124511719
100.00 110.00 0.0275 0.00 0.25 0.40 P 0.00 11.887835502624511719
100.00 110.00 0.0275 0.00 0.25 0.75 P 0.00 13.357198715209960938
100.00 90.00 0.0275 0.00 0.50 0.05 P 0.00 0.961044251918792725
100.00 90.00 0.0275 0.00 0.50 0.15 P 0.00 3.261995792388916016
100.00 90.00 0.0275 0.00 0.50 0.25 P 0.00 5.038848876953125000
100.00 90.00 0.0275 0.00 0.50 0.35 P 0.00 6.510879993438720703
100.00 90.00 0.0275 0.00 0.50 0.40 P 0.00 7.168148040771484375
100.00 90.00 0.0275 0.00 0.50 0.75 P 0.00 10.873739242553710938
100.00 100.00 0.0275 0.00 0.50 0.05 P 0.00 4.386568069458007812
100.00 100.00 0.0275 0.00 0.50 0.15 P 0.00 7.493476390838623047
100.00 100.00 0.0275 0.00 0.50 0.25 P 0.00 9.574728012084960938
100.00 100.00 0.0275 0.00 0.50 0.35 P 0.00 11.228881835937500000
100.00 100.00 0.0275 0.00 0.50 0.40 P 0.00 11.955081939697265625
100.00 100.00 0.0275 0.00 0.50 0.75 P 0.00 15.963984489440917969
100.00 110.00 0.0275 0.00 0.50 0.05 P 0.00 11.159168243408203125
100.00 110.00 0.0275 0.00 0.50 0.15 P 0.00 13.731497764587402344
100.00 110.00 0.0275 0.00 0.50 0.25 P 0.00 15.671300888061523438
100.00 110.00 0.0275 0.00 0.50 0.35 P 0.00 17.264780044555664062
100.00 110.00 0.0275 0.00 0.50 0.40 P 0.00 17.973394393920898438
100.00 110.00 0.0275 0.00 0.50 0.75 P 0.00 21.942453384399414062
50.00 41.25 0.0275 0.00 0.10 0.05 C 0.00 8.806679725646972656
50.00 41.25 0.0275 0.00 0.10 0.15 C 0.00 8.919805526733398438
50.00 41.25 0.0275 0.00 0.10 0.25 C 0.00 9.032638549804687500
50.00 41.25 0.0275 0.00 0.10 0.35 C 0.00 9.145345687866210938
50.00 41.25 0.0275 0.00 0.10 0.40 C 0.00 9.201762199401855469
50.00 41.25 0.0275 0.00 0.10 0.75 C 0.00 9.600898742675781250
50.00 50.00 0.0275 0.00 0.10 0.05 C 0.00 0.480909168720245361
50.00 50.00 0.0275 0.00 0.10 0.15 C 0.00 0.878189325332641602
50.00 50.00 0.0275 0.00 0.10 0.25 C 0.00 1.174497127532958984
50.00 50.00 0.0275 0.00 0.10 0.35 C 0.00 1.429234027862548828
50.00 50.00 0.0275 0.00 0.10 0.40 C 0.00 1.546866536140441895
50.00 50.00 0.0275 0.00 0.10 0.75 C 0.00 2.267861127853393555
50.00 60.75 0.0275 0.00 0.10 0.05 C 0.00 0.000000000000000000
50.00 60.75 0.0275 0.00 0.10 0.15 C 0.00 0.000000171615411659
50.00 60.75 0.0275 0.00 0.10 0.25 C 0.00 0.000055860185966594
50.00 60.75 0.0275 0.00 0.10 0.35 C 0.00 0.000779365072958171
50.00 60.75 0.0275 0.00 0.10 0.40 C 0.00 0.001842470024712384
50.00 60.75 0.0275 0.00 0.10 0.75 C 0.00 0.038961693644523621
50.00 41.25 0.0275 0.00 0.25 0.05 C 0.00 8.806849479675292969
50.00 41.25 0.0275 0.00 0.25 0.15 C 0.00 8.954197883605957031
50.00 41.25 0.0275 0.00 0.25 0.25 C 0.00 9.165798187255859375
50.00 41.25 0.0275 0.00 0.25 0.35 C 0.00 9.408822059631347656
50.00 41.25 0.0275 0.00 0.25 0.40 C 0.00 9.535304069519042969
50.00 41.25 0.0275 0.00 0.25 0.75 C 0.00 10.425117492675781250
50.00 50.00 0.0275 0.00 0.25 0.05 C 0.00 1.148856163024902344
50.00 50.00 0.0275 0.00 0.25 0.15 C 0.00 2.031304121017456055
50.00 50.00 0.0275 0.00 0.25 0.25 C 0.00 2.658267259597778320
50.00 50.00 0.0275 0.00 0.25 0.35 C 0.00 3.179083108901977539
50.00 50.00 0.0275 0.00 0.25 0.40 C 0.00 3.414456605911254883
50.00 50.00 0.0275 0.00 0.25 0.75 C 0.00 4.795871734619140625
50.00 60.75 0.0275 0.00 0.25 0.05 C 0.00 0.000211358987144195
50.00 60.75 0.0275 0.00 0.25 0.15 C 0.00 0.049106843769550323
50.00 60.75 0.0275 0.00 0.25 0.25 C 0.00 0.199576273560523987
50.00 60.75 0.0275 0.00 0.25 0.35 C 0.00 0.408212274312973022
50.00 60.75 0.0275 0.00 0.25 0.40 C 0.00 0.524134874343872070
50.00 60.75 0.0275 0.00 0.25 0.75 C 0.00 1.404244661331176758
50.00 41.25 0.0275 0.00 0.50 0.05 C 0.00 8.892182350158691406
50.00 41.25 0.0275 0.00 0.50 0.15 C 0.00 9.628643035888671875
50.00 41.25 0.0275 0.00 0.50 0.25 C 0.00 10.393690109252929688
50.00 41.25 0.0275 0.00 0.50 0.35 C 0.00 11.099336624145507812
50.00 41.25 0.0275 0.00 0.50 0.40 C 0.00 11.430472373962402344
50.00 41.25 0.0275 0.00 0.50 0.75 C 0.00 13.444734573364257812
50.00 50.00 0.0275 0.00 0.50 0.05 C 0.00 2.261986970901489258
50.00 50.00 0.0275 0.00 0.50 0.15 C 0.00 3.952563524246215820
50.00 50.00 0.0275 0.00 0.50 0.25 C 0.00 5.129935264587402344
50.00 50.00 0.0275 0.00 0.50 0.35 C 0.00 6.093382358551025391
50.00 50.00 0.0275 0.00 0.50 0.40 C 0.00 6.524527072906494141
50.00 50.00 0.0275 0.00 0.50 0.75 C 0.00 9.002679824829101562
50.00 60.75 0.0275 0.00 0.50 0.05 C 0.00 0.104628875851631165
50.00 60.75 0.0275 0.00 0.50 0.15 C 0.00 0.911420345306396484
50.00 60.75 0.0275 0.00 0.50 0.25 C 0.00 1.788383126258850098
50.00 60.75 0.0275 0.00 0.50 0.35 C 0.00 2.607959508895874023
50.00 60.75 0.0275 0.00 0.50 0.40 C 0.00 2.994691848754882812
50.00 60.75 0.0275 0.00 0.50 0.75 C 0.00 5.365218162536621094
50.00 41.25 0.0275 0.00 0.10 0.05 P 0.00 0.000000000000000000
50.00 41.25 0.0275 0.00 0.10 0.15 P 0.00 0.000000062650698851
50.00 41.25 0.0275 0.00 0.10 0.25 P 0.00 0.000017232776372111
50.00 41.25 0.0275 0.00 0.10 0.35 P 0.00 0.000218751534703188
50.00 41.25 0.0275 0.00 0.10 0.40 P 0.00 0.000498721143230796
50.00 41.25 0.0275 0.00 0.10 0.75 P 0.00 0.008831215091049671
50.00 50.00 0.0275 0.00 0.10 0.05 P 0.00 0.412206441164016724
50.00 50.00 0.0275 0.00 0.10 0.15 P 0.00 0.672364115715026855
50.00 50.00 0.0275 0.00 0.10 0.25 P 0.00 0.831926047801971436
50.00 50.00 0.0275 0.00 0.10 0.35 P 0.00 0.950292646884918213
50.00 50.00 0.0275 0.00 0.10 0.40 P 0.00 0.999880433082580566
50.00 50.00 0.0275 0.00 0.10 0.75 P 0.00 1.247173070907592773
50.00 60.75 0.0275 0.00 0.10 0.05 P 0.00 10.666525840759277344
50.00 60.75 0.0275 0.00 0.10 0.15 P 0.00 10.499922752380371094
50.00 60.75 0.0275 0.00 0.10 0.25 P 0.00 10.333831787109375000
50.00 60.75 0.0275 0.00 0.10 0.35 P 0.00 10.168865203857421875
50.00 60.75 0.0275 0.00 0.10 0.40 P 0.00 10.087254524230957031
50.00 60.75 0.0275 0.00 0.10 0.75 P 0.00 9.548826217651367188
50.00 41.25 0.0275 0.00 0.25 0.05 P 0.00 0.000169580787769519
50.00 41.25 0.0275 0.00 0.25 0.15 P 0.00 0.034391805529594421
50.00 41.25 0.0275 0.00 0.25 0.25 P 0.00 0.133177489042282104
50.00 41.25 0.0275 0.00 0.25 0.35 P 0.00 0.263695448637008667
50.00 41.25 0.0275 0.00 0.25 0.40 P 0.00 0.334040254354476929
50.00 41.25 0.0275 0.00 0.25 0.75 P 0.00 0.833049595355987549
50.00 50.00 0.0275 0.00 0.25 0.05 P 0.00 1.080153465270996094
50.00 50.00 0.0275 0.00 0.25 0.15 P 0.00 1.825478911399841309
50.00 50.00 0.0275 0.00 0.25 0.25 P 0.00 2.315696239471435547
50.00 50.00 0.0275 0.00 0.25 0.35 P 0.00 2.700141668319702148
50.00 50.00 0.0275 0.00 0.25 0.40 P 0.00 2.867470502853393555
50.00 50.00 0.0275 0.00 0.25 0.75 P 0.00 3.775183677673339844
50.00 60.75 0.0275 0.00 0.25 0.05 P 0.00 10.666737556457519531
50.00 60.75 0.0275 0.00 0.25 0.15 P 0.00 10.549029350280761719
50.00 60.75 0.0275 0.00 0.25 0.25 P 0.00 10.533352851867675781
50.00 60.75 0.0275 0.00 0.25 0.35 P 0.00 10.576298713684082031
50.00 60.75 0.0275 0.00 0.25 0.40 P 0.00 10.609546661376953125
50.00 60.75 0.0275 0.00 0.25 0.75 P 0.00 10.914108276367187500
50.00 41.25 0.0275 0.00 0.50 0.05 P 0.00 0.085502177476882935
50.00 41.25 0.0275 0.00 0.50 0.15 P 0.00 0.708837509155273438
50.00 41.25 0.0275 0.00 0.50 0.25 P 0.00 1.361068725585937500
50.00 41.25 0.0275 0.00 0.50 0.35 P 0.00 1.954210162162780762
50.00 41.25 0.0275 0.00 0.50 0.40 P 0.00 2.229209423065185547
50.00 41.25 0.0275 0.00 0.50 0.75 P 0.00 3.852667331695556641
50.00 50.00 0.0275 0.00 0.50 0.05 P 0.00 2.193284034729003906
50.00 50.00 0.0275 0.00 0.50 0.15 P 0.00 3.746738195419311523
50.00 50.00 0.0275 0.00 0.50 0.25 P 0.00 4.787364006042480469
50.00 50.00 0.0275 0.00 0.50 0.35 P 0.00 5.614440917968750000
50.00 50.00 0.0275 0.00 0.50 0.40 P 0.00 5.977540969848632812
50.00 50.00 0.0275 0.00 0.50 0.75 P 0.00 7.981992244720458984
50.00 60.75 0.0275 0.00 0.50 0.05 P 0.00 10.771155357360839844
50.00 60.75 0.0275 0.00 0.50 0.15 P 0.00 11.411342620849609375
50.00 60.75 0.0275 0.00 0.50 0.25 P 0.00 12.122159004211425781
50.00 60.75 0.0275 0.00 0.50 0.35 P 0.00 12.776045799255371094
50.00 60.75 0.0275 0.00 0.50 0.40 P 0.00 13.080103874206542969
50.00 60.75 0.0275 0.00 0.50 0.75 P 0.00 14.875082015991210938
100.00 90.00 0.0275 0.00 0.05 0.05 C 0.00 10.123664855957031250
100.00 90.00 0.0275 0.00 0.15 0.15 C 0.00 10.433739662170410156
100.00 90.00 0.0275 0.00 0.25 0.25 C 0.00 11.806688308715820312
100.00 90.00 0.0275 0.00 0.35 0.35 C 0.00 14.395708084106445312
100.00 90.00 0.0275 0.00 0.45 0.40 C 0.00 17.061100006103515625
100.00 90.00 0.0275 0.00 0.65 0.75 C 0.00 27.276575088500976562
100.00 100.00 0.0275 0.00 0.05 0.05 C 0.00 0.517790675163269043
100.00 100.00 0.0275 0.00 0.15 0.15 C 0.00 2.524199962615966797
100.00 100.00 0.0275 0.00 0.25 0.25 C 0.00 5.316534519195556641
100.00 100.00 0.0275 0.00 0.35 0.35 C 0.00 8.694162368774414062
100.00 100.00 0.0275 0.00 0.45 0.40 C 0.00 11.809330940246582031
100.00 100.00 0.0275 0.00 0.65 0.75 C 0.00 22.972890853881835938
100.00 110.00 0.0275 0.00 0.05 0.05 C 0.00 0.000000000000000003
100.00 110.00 0.0275 0.00 0.15 0.15 C 0.00 0.151725307106971741
100.00 110.00 0.0275 0.00 0.25 0.25 C 0.00 1.841160535812377930
100.00 110.00 0.0275 0.00 0.35 0.35 C 0.00 4.865673065185546875
100.00 110.00 0.0275 0.00 0.45 0.40 C 0.00 7.926036834716796875
100.00 110.00 0.0275 0.00 0.65 0.75 C 0.00 19.343152999877929688
100.00 90.00 0.0275 0.00 0.05 0.05 C 0.00 10.123664855957031250
100.00 90.00 0.0275 0.00 0.15 0.15 C 0.00 10.433739662170410156
100.00 90.00 0.0275 0.00 0.25 0.25 C 0.00 11.806688308715820312
100.00 90.00 0.0275 0.00 0.35 0.35 C 0.00 14.395708084106445312
100.00 90.00 0.0275 0.00 0.45 0.40 C 0.00 17.061100006103515625
100.00 90.00 0.0275 0.00 0.65 0.75 C 0.00 27.276575088500976562
100.00 100.00 0.0275 0.00 0.05 0.05 C 0.00 0.517790675163269043
100.00 100.00 0.0275 0.00 0.15 0.15 C 0.00 2.524199962615966797
100.00 100.00 0.0275 0.00 0.25 0.25 C 0.00 5.316534519195556641
100.00 100.00 0.0275 0.00 0.35 0.35 C 0.00 8.694162368774414062
100.00 100.00 0.0275 0.00 0.45 0.40 C 0.00 11.809330940246582031
100.00 100.00 0.0275 0.00 0.65 0.75 C 0.00 22.972890853881835938
100.00 110.00 0.0275 0.00 0.05 0.05 C 0.00 0.000000000000000003
100.00 110.00 0.0275 0.00 0.15 0.15 C 0.00 0.151725307106971741
100.00 110.00 0.0275 0.00 0.25 0.25 C 0.00 1.841160535812377930
100.00 110.00 0.0275 0.00 0.35 0.35 C 0.00 4.865673065185546875
100.00 110.00 0.0275 0.00 0.45 0.40 C 0.00 7.926036834716796875
100.00 110.00 0.0275 0.00 0.65 0.75 C 0.00 19.343152999877929688
100.00 90.00 0.0275 0.00 0.05 0.05 C 0.00 10.123664855957031250
100.00 90.00 0.0275 0.00 0.15 0.15 C 0.00 10.433739662170410156
100.00 90.00 0.0275 0.00 0.25 0.25 C 0.00 11.806688308715820312
100.00 90.00 0.0275 0.00 0.35 0.35 C 0.00 14.395708084106445312
100.00 90.00 0.0275 0.00 0.45 0.40 C 0.00 17.061100006103515625
100.00 90.00 0.0275 0.00 0.65 0.75 C 0.00 27.276575088500976562
100.00 100.00 0.0275 0.00 0.05 0.05 C 0.00 0.517790675163269043
100.00 100.00 0.0275 0.00 0.15 0.15 C 0.00 2.524199962615966797
100.00 100.00 0.0275 0.00 0.25 0.25 C 0.00 5.316534519195556641
100.00 100.00 0.0275 0.00 0.35 0.35 C 0.00 8.694162368774414062
100.00 100.00 0.0275 0.00 0.45 0.40 C 0.00 11.809330940246582031
100.00 100.00 0.0275 0.00 0.65 0.75 C 0.00 22.972890853881835938
100.00 110.00 0.0275 0.00 0.05 0.05 C 0.00 0.000000000000000003
100.00 110.00 0.0275 0.00 0.15 0.15 C 0.00 0.151725307106971741
100.00 110.00 0.0275 0.00 0.25 0.25 C 0.00 1.841160535812377930
100.00 110.00 0.0275 0.00 0.35 0.35 C 0.00 4.865673065185546875
100.00 110.00 0.0275 0.00 0.45 0.40 C 0.00 7.926036834716796875
100.00 110.00 0.0275 0.00 0.65 0.75 C 0.00 19.343152999877929688
100.00 90.00 0.0275 0.00 0.05 0.05 P 0.00 0.000000000000000000
100.00 90.00 0.0275 0.00 0.15 0.15 P 0.00 0.063254550099372864
100.00 90.00 0.0275 0.00 0.25 0.25 P 0.00 1.190060615539550781
100.00 90.00 0.0275 0.00 0.35 0.35 P 0.00 3.533613204956054688
100.00 90.00 0.0275 0.00 0.45 0.40 P 0.00 6.076525211334228516
100.00 90.00 0.0275 0.00 0.65 0.75 P 0.00 15.439335823059082031
100.00 100.00 0.0275 0.00 0.05 0.05 P 0.00 0.380385160446166992
100.00 100.00 0.0275 0.00 0.15 0.15 P 0.00 2.112549543380737305
100.00 100.00 0.0275 0.00 0.25 0.25 P 0.00 4.631392478942871094
100.00 100.00 0.0275 0.00 0.35 0.35 P 0.00 7.736279487609863281
100.00 100.00 0.0275 0.00 0.45 0.40 P 0.00 10.715358734130859375
100.00 100.00 0.0275 0.00 0.65 0.75 P 0.00 20.931514739990234375
100.00 110.00 0.0275 0.00 0.05 0.05 P 0.00 9.848854064941406250
100.00 110.00 0.0275 0.00 0.15 0.15 P 0.00 9.698909759521484375
100.00 110.00 0.0275 0.00 0.25 0.25 P 0.00 11.087504386901855469
100.00 110.00 0.0275 0.00 0.35 0.35 P 0.00 13.812002182006835938
100.00 110.00 0.0275 0.00 0.45 0.40 P 0.00 16.722667694091796875
100.00 110.00 0.0275 0.00 0.65 0.75 P 0.00 27.097639083862304688
100.00 90.00 0.0275 0.00 0.05 0.05 P 0.00 0.000000000000000000
100.00 90.00 0.0275 0.00 0.15 0.15 P 0.00 0.063254550099372864
100.00 90.00 0.0275 0.00 0.25 0.25 P 0.00 1.190060615539550781
100.00 90.00 0.0275 0.00 0.35 0.35 P 0.00 3.533613204956054688
100.00 90.00 0.0275 0.00 0.45 0.40 P 0.00 6.076525211334228516
100.00 90.00 0.0275 0.00 0.65 0.75 P 0.00 15.439335823059082031
100.00 100.00 0.0275 0.00 0.05 0.05 P 0.00 0.380385160446166992
100.00 100.00 0.0275 0.00 0.15 0.15 P 0.00 2.112549543380737305
100.00 100.00 0.0275 0.00 0.25 0.25 P 0.00 4.631392478942871094
100.00 100.00 0.0275 0.00 0.35 0.35 P 0.00 7.736279487609863281
100.00 100.00 0.0275 0.00 0.45 0.40 P 0.00 10.715358734130859375
100.00 100.00 0.0275 0.00 0.65 0.75 P 0.00 20.931514739990234375
100.00 110.00 0.0275 0.00 0.05 0.05 P 0.00 9.848854064941406250
100.00 110.00 0.0275 0.00 0.15 0.15 P 0.00 9.698909759521484375
100.00 110.00 0.0275 0.00 0.25 0.25 P 0.00 11.087504386901855469
100.00 110.00 0.0275 0.00 0.35 0.35 P 0.00 13.812002182006835938
100.00 110.00 0.0275 0.00 0.45 0.40 P 0.00 16.722667694091796875
100.00 110.00 0.0275 0.00 0.65 0.75 P 0.00 27.097639083862304688
100.00 90.00 0.0275 0.00 0.05 0.05 P 0.00 0.000000000000000000
100.00 90.00 0.0275 0.00 0.15 0.15 P 0.00 0.063254550099372864
100.00 90.00 0.0275 0.00 0.25 0.25 P 0.00 1.190060615539550781
100.00 90.00 0.0275 0.00 0.35 0.35 P 0.00 3.533613204956054688
100.00 90.00 0.0275 0.00 0.45 0.40 P 0.00 6.076525211334228516
100.00 90.00 0.0275 0.00 0.65 0.75 P 0.00 15.439335823059082031
100.00 100.00 0.0275 0.00 0.05 0.05 P 0.00 0.380385160446166992
100.00 100.00 0.0275 0.00 0.15 0.15 P 0.00 2.112549543380737305
100.00 100.00 0.0275 0.00 0.25 0.25 P 0.00 4.631392478942871094
100.00 100.00 0.0275 0.00 0.35 0.35 P 0.00 7.736279487609863281
100.00 100.00 0.0275 0.00 0.45 0.40 P 0.00 10.715358734130859375
100.00 100.00 0.0275 0.00 0.65 0.75 P 0.00 20.931514739990234375
100.00 110.00 0.0275 0.00 0.05 0.05 P 0.00 9.848854064941406250
100.00 110.00 0.0275 0.00 0.15 0.15 P 0.00 9.698909759521484375
100.00 110.00 0.0275 0.00 0.25 0.25 P 0.00 11.087504386901855469
100.00 110.00 0.0275 0.00 0.35 0.35 P 0.00 13.812002182006835938
100.00 110.00 0.0275 0.00 0.45 0.40 P 0.00 16.722667694091796875
100.00 110.00 0.0275 0.00 0.65 0.75 P 0.00 27.097639083862304688
50.00 41.25 0.0275 0.00 0.05 0.05 C 0.00 8.806679725646972656
50.00 41.25 0.0275 0.00 0.15 0.15 C 0.00 8.920049667358398438
50.00 41.25 0.0275 0.00 0.25 0.25 C 0.00 9.165798187255859375
50.00 41.25 0.0275 0.00 0.35 0.35 C 0.00 9.959095001220703125
50.00 41.25 0.0275 0.00 0.45 0.40 C 0.00 10.982693672180175781
50.00 41.25 0.0275 0.00 0.65 0.75 C 0.00 15.502116203308105469
50.00 50.00 0.0275 0.00 0.05 0.05 C 0.00 0.258895337581634521
50.00 50.00 0.0275 0.00 0.15 0.15 C 0.00 1.262099981307983398
50.00 50.00 0.0275 0.00 0.25 0.25 C 0.00 2.658267259597778320
50.00 50.00 0.0275 0.00 0.35 0.35 C 0.00 4.347081184387207031
50.00 50.00 0.0275 0.00 0.45 0.40 C 0.00 5.904665470123291016
50.00 50.00 0.0275 0.00 0.65 0.75 C 0.00 11.486445426940917969
50.00 60.75 0.0275 0.00 0.05 0.05 C 0.00 0.000000000000000000
50.00 60.75 0.0275 0.00 0.15 0.15 C 0.00 0.000436135887866840
50.00 60.75 0.0275 0.00 0.25 0.25 C 0.00 0.199576273560523987
50.00 60.75 0.0275 0.00 0.35 0.35 C 0.00 1.149382591247558594
50.00 60.75 0.0275 0.00 0.45 0.40 C 0.00 2.427873849868774414
50.00 60.75 0.0275 0.00 0.65 0.75 C 0.00 7.940172672271728516
50.00 41.25 0.0275 0.00 0.05 0.05 C 0.00 8.806679725646972656
50.00 41.25 0.0275 0.00 0.15 0.15 C 0.00 8.920049667358398438
50.00 41.25 0.0275 0.00 0.25 0.25 C 0.00 9.165798187255859375
50.00 41.25 0.0275 0.00 0.35 0.35 C 0.00 9.959095001220703125
50.00 41.25 0.0275 0.00 0.45 0.40 C 0.00 10.982693672180175781
50.00 41.25 0.0275 0.00 0.65 0.75 C 0.00 15.502116203308105469
50.00 50.00 0.0275 0.00 0.05 0.05 C 0.00 0.258895337581634521
50.00 50.00 0.0275 0.00 0.15 0.15 C 0.00 1.262099981307983398
50.00 50.00 0.0275 0.00 0.25 0.25 C 0.00 2.658267259597778320
50.00 50.00 0.0275 0.00 0.35 0.35 C 0.00 4.347081184387207031
50.00 50.00 0.0275 0.00 0.45 0.40 C 0.00 5.904665470123291016
50.00 50.00 0.0275 0.00 0.65 0.75 C 0.00 11.486445426940917969
50.00 60.75 0.0275 0.00 0.05 0.05 C 0.00 0.000000000000000000
50.00 60.75 0.0275 0.00 0.15 0.15 C 0.00 0.000436135887866840
50.00 60.75 0.0275 0.00 0.25 0.25 C 0.00 0.199576273560523987
50.00 60.75 0.0275 0.00 0.35 0.35 C 0.00 1.149382591247558594
50.00 60.75 0.0275 0.00 0.45 0.40 C 0.00 2.427873849868774414
50.00 60.75 0.0275 0.00 0.65 0.75 C 0.00 7.940172672271728516
50.00 41.25 0.0275 0.00 0.05 0.05 C 0.00 8.806679725646972656
50.00 41.25 0.0275 0.00 0.15 0.15 C 0.00 8.920049667358398438
50.00 41.25 0.0275 0.00 0.25 0.25 C 0.00 9.165798187255859375
50.00 41.25 0.0275 0.00 0.35 0.35 C 0.00 9.959095001220703125
50.00 41.25 0.0275 0.00 0.45 0.40 C 0.00 10.982693672180175781
50.00 41.25 0.0275 0.00 0.65 0.75 C 0.00 15.502116203308105469
50.00 50.00 0.0275 0.00 0.05 0.05 C 0.00 0.258895337581634521
50.00 50.00 0.0275 0.00 0.15 0.15 C 0.00 1.262099981307983398
50.00 50.00 0.0275 0.00 0.25 0.25 C 0.00 2.658267259597778320
50.00 50.00 0.0275 0.00 0.35 0.35 C 0.00 4.347081184387207031
50.00 50.00 0.0275 0.00 0.45 0.40 C 0.00 5.904665470123291016
50.00 50.00 0.0275 0.00 0.65 0.75 C 0.00 11.486445426940917969
50.00 60.75 0.0275 0.00 0.05 0.05 C 0.00 0.000000000000000000
50.00 60.75 0.0275 0.00 0.15 0.15 C 0.00 0.000436135887866840
50.00 60.75 0.0275 0.00 0.25 0.25 C 0.00 0.199576273560523987
50.00 60.75 0.0275 0.00 0.35 0.35 C 0.00 1.149382591247558594
50.00 60.75 0.0275 0.00 0.45 0.40 C 0.00 2.427873849868774414
50.00 60.75 0.0275 0.00 0.65 0.75 C 0.00 7.940172672271728516
50.00 41.25 0.0275 0.00 0.05 0.05 P 0.00 0.000000000000000000
50.00 41.25 0.0275 0.00 0.15 0.15 P 0.00 0.000243964008404873
50.00 41.25 0.0275 0.00 0.25 0.25 P 0.00 0.133177489042282104
50.00 41.25 0.0275 0.00 0.35 0.35 P 0.00 0.813968002796173096
50.00 41.25 0.0275 0.00 0.45 0.40 P 0.00 1.781430125236511230
50.00 41.25 0.0275 0.00 0.65 0.75 P 0.00 5.910048961639404297
50.00 50.00 0.0275 0.00 0.05 0.05 P 0.00 0.190192580223083496
50.00 50.00 0.0275 0.00 0.15 0.15 P 0.00 1.056274771690368652
50.00 50.00 0.0275 0.00 0.25 0.25 P 0.00 2.315696239471435547
50.00 50.00 0.0275 0.00 0.35 0.35 P 0.00 3.868139743804931641
50.00 50.00 0.0275 0.00 0.45 0.40 P 0.00 5.357679367065429688
50.00 50.00 0.0275 0.00 0.65 0.75 P 0.00 10.465757369995117188
50.00 60.75 0.0275 0.00 0.05 0.05 P 0.00 10.666525840759277344
50.00 60.75 0.0275 0.00 0.15 0.15 P 0.00 10.500358581542968750
50.00 60.75 0.0275 0.00 0.25 0.25 P 0.00 10.533352851867675781
50.00 60.75 0.0275 0.00 0.35 0.35 P 0.00 11.317468643188476562
50.00 60.75 0.0275 0.00 0.45 0.40 P 0.00 12.513285636901855469
50.00 60.75 0.0275 0.00 0.65 0.75 P 0.00 17.450037002563476562
50.00 41.25 0.0275 0.00 0.05 0.05 P 0.00 0.000000000000000000
50.00 41.25 0.0275 0.00 0.15 0.15 P 0.00 0.000243964008404873
50.00 41.25 0.0275 0.00 0.25 0.25 P 0.00 0.133177489042282104
50.00 41.25 0.0275 0.00 0.35 0.35 P 0.00 0.813968002796173096
50.00 41.25 0.0275 0.00 0.45 0.40 P 0.00 1.781430125236511230
50.00 41.25 0.0275 0.00 0.65 0.75 P 0.00 5.910048961639404297
50.00 50.00 0.0275 0.00 0.05 0.05 P 0.00 0.190192580223083496
50.00 50.00 0.0275 0.00 0.15 0.15 P 0.00 1.056274771690368652
50.00 50.00 0.0275 0.00 0.25 0.25 P 0.00 2.315696239471435547
50.00 50.00 0.0275 0.00 0.35 0.35 P 0.00 3.868139743804931641
50.00 50.00 0.0275 0.00 0.45 0.40 P 0.00 5.357679367065429688
50.00 50.00 0.0275 0.00 0.65 0.75 P 0.00 10.465757369995117188
50.00 60.75 0.0275 0.00 0.05 0.05 P 0.00 10.666525840759277344
50.00 60.75 0.0275 0.00 0.15 0.15 P 0.00 10.500358581542968750
50.00 60.75 0.0275 0.00 0.25 0.25 P 0.00 10.533352851867675781
50.00 60.75 0.0275 0.00 0.35 0.35 P 0.00 11.317468643188476562
50.00 60.75 0.0275 0.00 0.45 0.40 P 0.00 12.513285636901855469
50.00 60.75 0.0275 0.00 0.65 0.75 P 0.00 17.450037002563476562
50.00 41.25 0.0275 0.00 0.05 0.05 P 0.00 0.000000000000000000
50.00 41.25 0.0275 0.00 0.15 0.15 P 0.00 0.000243964008404873
50.00 41.25 0.0275 0.00 0.25 0.25 P 0.00 0.133177489042282104
50.00 41.25 0.0275 0.00 0.35 0.35 P 0.00 0.813968002796173096
50.00 41.25 0.0275 0.00 0.45 0.40 P 0.00 1.781430125236511230
50.00 41.25 0.0275 0.00 0.65 0.75 P 0.00 5.910048961639404297
50.00 50.00 0.0275 0.00 0.05 0.05 P 0.00 0.190192580223083496
50.00 50.00 0.0275 0.00 0.15 0.15 P 0.00 1.056274771690368652
50.00 50.00 0.0275 0.00 0.25 0.25 P 0.00 2.315696239471435547
50.00 50.00 0.0275 0.00 0.35 0.35 P 0.00 3.868139743804931641
50.00 50.00 0.0275 0.00 0.45 0.40 P 0.00 5.357679367065429688
50.00 50.00 0.0275 0.00 0.65 0.75 P 0.00 10.465757369995117188
50.00 60.75 0.0275 0.00 0.05 0.05 P 0.00 10.666525840759277344
50.00 60.75 0.0275 0.00 0.15 0.15 P 0.00 10.500358581542968750
50.00 60.75 0.0275 0.00 0.25 0.25 P 0.00 10.533352851867675781
50.00 60.75 0.0275 0.00 0.35 0.35 P 0.00 11.317468643188476562
50.00 60.75 0.0275 0.00 0.45 0.40 P 0.00 12.513285636901855469
50.00 60.75 0.0275 0.00 0.65 0.75 P 0.00 17.450037002563476562
50.00 60.75 0.0275 0.00 0.25 0.25 P 0.00 10.533352851867675781
50.00 60.75 0.0275 0.00 0.35 0.35 P 0.00 11.317468643188476562
50.00 60.75 0.0275 0.00 0.45 0.40 P 0.00 12.513285636901855469
100.00 110.00 0.1000 0.00 0.25 0.50 C 0.00 5.123575210571289062
100.00 110.00 0.1000 0.00 0.25 1.00 C 0.00 10.160056114196777344
100.00 90.00 0.1000 0.00 0.50 0.10 C 0.00 12.919509887695312500
100.00 90.00 0.1000 0.00 0.50 0.50 C 0.00 21.438280105590820312
100.00 90.00 0.1000 0.00 0.50 1.00 C 0.00 28.643648147583007812
100.00 100.00 0.1000 0.00 0.50 0.10 C 0.00 6.779936790466308594
100.00 100.00 0.1000 0.00 0.50 0.50 C 0.00 16.263193130493164062
100.00 100.00 0.1000 0.00 0.50 1.00 C 0.00 23.926744461059570312
100.00 110.00 0.1000 0.00 0.50 0.10 C 0.00 3.061909675598144531
100.00 110.00 0.1000 0.00 0.50 0.50 C 0.00 12.155689239501953125
100.00 110.00 0.1000 0.00 0.50 1.00 C 0.00 19.929859161376953125
100.00 90.00 0.1000 0.00 0.10 0.10 P 0.00 0.000095752220659051
100.00 90.00 0.1000 0.00 0.10 0.50 P 0.00 0.032219033688306808
100.00 90.00 0.1000 0.00 0.10 1.00 P 0.00 0.066226743161678314
100.00 100.00 0.1000 0.00 0.10 0.10 P 0.00 0.819967508316040039
100.00 100.00 0.1000 0.00 0.10 0.50 P 0.00 0.973216056823730469
100.00 100.00 0.1000 0.00 0.10 1.00 P 0.00 0.791889071464538574
100.00 110.00 0.1000 0.00 0.10 0.10 P 0.00 8.909005165100097656
100.00 110.00 0.1000 0.00 0.10 0.50 P 0.00 5.775959491729736328
100.00 110.00 0.1000 0.00 0.10 1.00 P 0.00 3.748862981796264648
42.00 40.00 0.1000 0.00 0.20 0.50 C 0.00 4.759423255920410156
42.00 40.00 0.1000 0.00 0.20 0.50 P 0.00 0.808600008487701416
100.00 100.00 0.0500 0.00 0.15 1.00 P 0.00 3.714601993560791016
100.00 100.00 0.0500 0.00 0.15 1.00 C 0.00 8.591659545898437500
60.00 65.00 0.0800 0.00 0.30 0.25 C 0.00 2.133372068405151367
100.00 90.00 0.1000 0.00 0.10 0.10 C 0.00 10.895610809326171875
100.00 90.00 0.1000 0.00 0.10 0.50 C 0.00 14.421570777893066406
100.00 90.00 0.1000 0.00 0.10 1.00 C 0.00 18.630859375000000000
100.00 100.00 0.1000 0.00 0.10 0.10 C 0.00 1.814984083175659180
100.00 100.00 0.1000 0.00 0.10 0.50 C 0.00 5.850273609161376953
100.00 100.00 0.1000 0.00 0.10 1.00 C 0.00 10.308147430419921875
100.00 110.00 0.1000 0.00 0.10 0.10 C 0.00 0.003523074788972735
100.00 110.00 0.1000 0.00 0.10 0.50 C 0.00 1.140722870826721191
100.00 110.00 0.1000 0.00 0.10 1.00 C 0.00 4.216746807098388672
100.00 90.00 0.1000 0.00 0.25 0.10 C 0.00 11.135244369506835938
100.00 90.00 0.1000 0.00 0.25 0.50 C 0.00 16.092638015747070312
100.00 90.00 0.1000 0.00 0.25 1.00 C 0.00 21.163454055786132812
100.00 100.00 0.1000 0.00 0.25 0.10 C 0.00 3.659962654113769531
100.00 100.00 0.1000 0.00 0.25 0.50 C 0.00 9.582231521606445312
100.00 100.00 0.1000 0.00 0.25 1.00 C 0.00 14.975798606872558594
100.00 110.00 0.1000 0.00 0.25 0.10 C 0.00 0.589613258838653564
100.00 110.00 0.1000 0.00 0.25 0.50 C 0.00 5.123575210571289062
100.00 110.00 0.1000 0.00 0.25 1.00 C 0.00 10.160056114196777344
100.00 90.00 0.1000 0.00 0.50 0.10 C 0.00 12.919509887695312500
