80
 407.8 192.8 851.1 604.4 932.3 799.4 914.5 965.8 453.7 295.1
 154.5 977.4 410.2 916.2 934.7 504.8 823.2 225.2 456.6  49.0
 933.5 663.0 335.3 346.6 568.7 956.1 654.7 300.7 379.6 591.9
 992.9 689.6 644.7 305.4 148.2 257.2 664.6 612.1 713.0  99.7
  46.5 167.6 984.6 847.2  55.4  82.7 999.0  10.7 877.7 929.4
 398.1 972.8 874.1 755.1 472.1 122.8 671.4  35.5 128.8  76.8
 454.2 959.2 510.1 791.3 122.8 176.6 237.9 995.8 548.3 309.8
 162.6 996.5 750.0 250.6 577.7 761.1 101.9 797.1 539.0 723.5

