  1155.33215,
 80.0255737,
 1137.90601,
 91.3991776,
 1131.5968,
 98.8551254,
 1136.51904,
 104.142044,
  1151.49658,
 116.518044,
 1147.66541,
 113.286476,
 1153.87805,
 114.518349,
 1153.01941,
 112.560104,
  1141.42419,
 110.551399,
 1146.60388,
 113.585403,
 1148.73083,
 107.282196,
 1155.81848,
 114.725746,
  1169.8916,
 119.715477,
 1150.78345,
 116.569099,
 1129.55664,
 105.598618,
 1146.5603,
 114.814247,
  1164.70349,
 129.290726,
 1159.15869,
 141.408722,
 1142.71826,
 156.1772,
 1133.89355,
 161.168762,
  1125.65759,
 162.909821,
 1141.14978,
 174.824188,
 1157.94885,
 186.676437,
 1158.97559,
 183.679733,
  1147.2533,
 190.134766,
 1129.08325,
 177.778397,
 1117.98462,
 164.882919,
 1130.76514,
 173.001083,
  1165.21204,
 166.329544,
 1153.4762,
 172.282516,
 1142.99207,
 185.198868,
 1122.08215,
 176.566406,
  1111.26477,
 170.462219,
 1140.63281,
 182.675385,
 1160.51147,
 168.160217,
 1142.45093,
 184.09137,
  1127.81714,
 185.185699,
 1135.27051,
 190.117004,
 1114.65442,
 183.87822,
 1140.16626,
 188.809875,
  1158.3324,
 174.971939,
 1148.27112,
 186.219528,
 1118.87659,
 175.334778,
 1122.37561,
 175.503464,
  1131.17603,
 183.126831,
 1151.39319,
 164.953949,
 1131.9281,
 183.677032,
 1100.36975,
 177.610458,
  1112.63293,
 178.783829,
 1124.43042,
 191.270584,
 1119.44507,
 201.715424,
 1132.18176,
 199.619247,
  1129.34302,
 197.569565,
 1103.0415,
 169.534714,
 1110.92981,
 175.893738,
 1135.49133,
 202.987244,
  1163.39905,
 187.742645,
 1155.16785,
 193.565933,
 1140.13135,
 200.219193,
 1134.96021,
 193.683731,
  1169.27893,
 212.787155,
 1148.64514,
 234.264389,
 1139.57874,
 245.299377,
 1133.7655,
 253.067001,
  1130.47571,
 251.188599,
 1134.29236,
 251.074493,
 1130.05835,
 248.138092,
 1120.71655,
 256.671692,
  1110.7146,
 267.311829,
 1091.90466,
 250.002182,
 1080.91553,
 238.527954,
 1137.4646,
 251.078445,
  1163.42737,
 232.555878,
 1152.17651,
 237.435349,
 1119.28772,
 231.399475,
 1118.20215,
 228.227798,
  1154.06555,
 265.873077,
 1179.07288,
 248.446701,
 1180.76697,
 247.243912,
 1169.30054,
 255.754791,
  1161.17859,
 245.543854,
 1146.58008,
 225.251404,
 1157.66028,
 232.255173,
 1180.802,
 212.141998,
  1176.95032,
 213.322021,
 1144.21521,
 206.254898,
 1129.14185,
 186.720352,
 1163.16772,
 196.389877,
  1173.19373,
 183.92334,
 1157.8501,
 197.642578,
 1138.31055,
 199.271698,
 1138.64893,
 204.733185,
  1151.55908,
 215.880234,
 1134.12402,
 228.602783,
 1124.66296,
 241.635086,
 1114.82117,
 248.187531,
  1085.12158,
 228.626175,
 1075.84607,
 209.537323,
 1112.2876,
 251.330612,
 1147.92493,
 242.04155,
  1131.24231,
 257.821869,
 1101.79053,
 238.244324,
 1100.09692,
 234.576141,
 1134.24561,
  243.891541,
 1146.12036,
 230.809128,
 1132.18176,
 245.347351,
 1120.85474,
 257.437561,
 1103.28247,
  239.318466,
 1102.64307,
 231.743683,
 1106.6322,
 236.18782,
 1120.96497,
 224.134537,
 1107.88599,
  234.59079,
 1077.44006,
 205.317474,
 1081.92725,
 209.427383,
 1122.68506,
 234.357986,
 1137.76721,
  224.086685,
 1137.18213,
 221.755829,
 1139.97058,
 219.071213,
 1121.81494,
 197.91394,
 1135.01709,
  211.344254,
 1143.96838,
 209.990097,
 1144.43774,
 211.309387,
 1137.26477,
 217.452454,
 1129.30444,
  208.549667,
 1124.48035,
 203.547363,
 1167.43005,
 214.35498,
 1189.23511,
 197.969849,
 1159.01099,
  223.471649,
 1129.9425,
 235.504089,
 1126.98218,
 235.790359,
 1159.45642,
 267.627686,
 1170.58044,
  260.303741,
 1159.03162,
 272.394714,
 1132.35327,
 271.069489,
 1125.49963,
 260.856323,
 1120.37537,
  252.117523,
 1136.31702,
 267.245422,
 1173.18408,
 236.200974,
 1169.71448,
 237.682846,
 1146.98938,
  220.296936,
 1128.91919,
 199.379639,
 1154.89331,
 195.916412,
 1185.47021,
 161.966156,
 1170.29431,
  174.287216,
 1121.7959,
 219.553879,
 1117.97107,
 219.905975,
 1118.92395,
 224.050919,
 1094.56689,
  239.718262,
 1109.37207,
 226.117935,
 1086.90332,
 238.70282,
 1058.53345,
 230.226379,
 1094.5929,
  267.349487,
 1132.21313,
 320.66684,
 1149.93762,
 312.486755,
 1145.93738,
 314.728058,
 1108.66589,
  306.712097,
 1108.8009,
 305.730316,
 1177.79382,
 360.072906,
 1170.32581,
 372.450989,
 1175.50537,
  370.733826,
 1161.74866,
 382.650513,
 1107.30701,
 320.397583,
 1102.8092,
 302.485779,
 1127.50549,
  323.509064,
 1152.25781,
 310.391693,
 1134.75793,
 324.33551,
 1096.30701,
 315.271423,
 1089.70215,
  307.719421,
 1149.66931,
 356.63974,
 1151.82349,
 361.014404,
 1151.09607,
 367.087006,
 1129.97424,
  382.934937,
 1130.85913,
 386.292725,
 1145.2135,
 395.359772,
 1171.2937,
 389.853271,
 1195.7373,
  364.475555,
 1185.73059,
 371.078217,
 1138.33936,
 329.647217,
 1126.92566,
 308.14679,
 1161.21204,
  316.275482,
 1188.46216,
 284.165222,
 1171.90344,
 297.419922,
 1119.68604,
 271.083405,
 1123.2478,
  273.999176,
 1170.44556,
 332.026306,
 1170.23169,
 339.200287,
 1176.6626,
 336.045105,
 1167.49146,
  340.493317,
 1147.67688,
 314.485931,
 1175.29333,
 347.102142,
 1177.00745,
 347.415131,
 1208.34082,
  322.674164,
 1195.53552,
 331.591492,
 1153.0907,
 304.515869,
 1132.30249,
 266.50235,
 1175.1687,
  285.862274,
 1195.98279,
 268.109558,
 1166.43274,
 291.630219,
 1137.23181,
 294.786011,
 1110.98352,
  261.766418,
  1159.26831,
 324.93573,
 1157.5354,
 332.99118,
 1159.40125,
 332.85614,
 1149.87402,
 341.294952,
  1136.51746,
 326.426117,
 1144.55127,
 332.673492,
 1146.34619,
 334.140533,
 1156.82275,
 327.347168,
  1146.60852,
 335.775299,
 1119.4176,
 310.662384,
 1104.96924,
 283.606384,
 1149.54858,
 321.873169,
  1189.6095,
 313.791229,
 1175.2301,
 324.992859,
 1134.72742,
 316.182648,
 1127.65601,
 305.342957,
  1175.62915,
 350.374084,
 1192.90002,
 336.230225,
 1199.89868,
 328.42981,
 1173.82544,
 355.158447,
  1139.84766,
 323.890228,
 1131.86279,
 308.372375,
 1142.80469,
 320.007294,
 1187.65613,
 296.757263,
  1166.06946,
 316.949188,
 1123.79346,
 305.851166,
 1108.12244,
 293.536743,
 1155.66101,
 313.42981,
  1179.38367,
 291.378265,
 1175.08508,
 292.808594,
 1160.48352,
 304.710022,
 1138.86121,
 290.3591,
  1156.61462,
 298.936249,
 1130.43005,
 308.507965,
 1159.08374,
 286.733978,
 1147.36023,
 296.152466,
  1112.30994,
 265.501373,
 1111.17078,
 256.424438,
 1138.61133,
 290.823883,
 1173.47107,
 268.570587,
  1151.97351,
 280.099396,
 1132.44885,
 285.358185,
 1121.45239,
 271.853638,
 1198.1239,
 336.328064,
  1169.93433,
 364.625397,
 1168.5166,
 370.595245,
 1149.41467,
 384.387634,
 1109.82666,
 354.212952,
  1112.4884,
 351.734833,
 1146.58728,
 397.27005,
 1173.76807,
 382.697998,
 1152.62854,
 398.289551,
  1097.4978,
 370.658142,
 1062.88794,
 318.775391,
 1145.3053,
 356.675415,
 1151.52124,
 349.52536,
  1145.03284,
 355.33905,
 1120.40918,
 372.399811,
 1109.72705,
 361.317627,
 1100.99695,
 344.088715,
  1110.59387,
 345.131683,
 1128.82312,
 329.047821,
 1120.96606,
 334.954803,
 1105.70557,
 316.058563,
  1108.37146,
 315.456055,
 1169.22522,
 334.19046,
 1210.22339,
 298.297791,
 1204.5531,
 299.814178,
  1160.21863,
 315.141907,
 1151.37488,
 308.772797,
 1191.75928,
 338.628296,
 1213.13245,
 311.998932,
  1224.82776,
 294.10141,
 1184.59521,
 332.581299,
 1139.33362,
 293.115753,
 1126.45227,
 275.449158,
  1136.07092,
 279.524567,
 1183.44617,
 243.882935,
 1168.83411,
 255.370239,
 1136.71033,
 266.743347,
  1124.3302,
 257.214661,
 1153.2229,
 281.830444,
 1163.48499,
 272.314056,
 1168.7948,
 265.727905,
  1138.2782,
 294.281555,
 1132.19141,
 296.166718,
 1153.25769,
 317.281891,
 1139.53479,
 310.712646,
  1163.37659,
 291.610291,
 1139.89673,
 310.301392,
 1111.41882,
 275.833191,
 1109.72021,
 266.559509,
  1161.86841,
 313.197174,
 1175.49292,
 306.06192,
 1164.40027,
 316.3927,
 1121.06311,
 302.879242,
  1100.22058,
 275.241089,
 1152.47595,
 333.61441,
 1167.98914,
 325.89502,
 1187.30798,
 308.118622,
  1158.52148,
 330.934845,
 1127.50012,
 305.399658,
 1123.1377,
 295.000977,
 1157.93152,
 316.370239,
  1185.24927,
 296.210571,
 1180.37451,
 302.520111,
 1147.4502,
 298.28421,
 1135.96655,
 283.047394,
  1181.95923,
 343.02594,
 1210.7627,
 327.669006,
 1205.01587,
 333.149353,
 1186.55676,
 350.765594,
  1167.73047,
 332.946838,
 1183.36182,
 347.588867,
 1201.54675,
 333.295593,
 1206.71606,
 319.729736,
  1191.31738,
 333.673706,
 1154.80981,
 306.828979,
 1155.1709,
 308.184937,
 1168.68176,
 322.627869,
  1213.27429,
 286.61441,
 1192.96594,
 306.747284,
 1151.17639,
 324.170105,
 1137.6394,
 309.31958,
  1161.08655,
 330.198212,
 1183.93054,
 309.088257,
 1191.77856,
 299.363617,
 1155.88953,
 334.584534,
  1105.64575,
 293.327698,
 1119.375,
 305.524384,
 1126.93445,
 318.084747,
 1171.797,
 281.044098,
  1160.96875,
 287.312592,
 1118.82617,
 281.753357,
 1113.32251,
 272.984131,
 1142.8158,
 298.956451,
  1154.64758,
 290.265167,
 1159.401,
 284.372437,
 1139.67603,
 300.673981,
 1104.45215,
 262.634796,
  1122.97351,
 271.234833,
 1125.81396,
 277.405975,
 1165.09607,
 248.77684,
 1141.89648,
 267.766846,
  1094.73682,
 269.843903,
 1086.63647,
 259.597687,
 1116.38745,
 272.79541,
 1146.89575,
 236.691483,
  1136.74048,
 245.469681,
 1111.10254,
 274.798401,
 1078.9646,
 251.782944,
 1105.57959,
 268.343964,
  1109.85803,
 276.441956,
 1155.99744,
 245.818115,
 1143.63989,
 259.361053,
 1109.07715,
 256.993591,
  1103.90466,
 248.168121,
 1138.33679,
 273.855316,
 1162.65137,
 244.71315,
 1159.21094,
 244.265594,
  1132.1969,
 264.473846,
 1115.37683,
 249.431,
 1169.2854,
 302.237183,
 1166.13293,
 306.817932,
  1205.6283,
 271.158813,
 1188.55359,
 283.993225,
 1164.67493,
 294.465149,
 1162.05603,
 293.158325,
  1200.82092,
 320.095673,
 1229.77454,
 300.063995,
 1219.94202,
 307.744171,
 1191.19153,
 311.273895,
  1140.23853,
 266.235199,
 1175.81409,
 284.579254,
 1148.70691,
 299.971802,
 1156.80591,
 296.904022,
  1141.34595,
 310.973206,
 1105.54199,
 281.555847,
 1108.37549,
 267.49231,
 1125.24658,
 286.848724,
  1151.93408,
 274.737061,
 1120.28723,
 297.09787,
 1088.01404,
 287.202423,
 1080.48425,
 275.339508,
  1153.29126,
 332.376709,
 1164.12354,
 329.557312,
 1161.11658,
 333.44989,
 1145.81396,
 346.335571,
  1124.08167,
 322.668793,
 1140.05176,
 338.669525,
 1157.44165,
 342.565948,
 1182.33704,
 319.017151,
  1176.77771,
 320.513367,
 1137.41357,
 291.091583,
 1109.59863,
 249.70755,
 1149.49988,
 276.224213,
  1189.49243,
 252.381165,
 1171.49402,
 270.106323,
 1129.38611,
 295.049957,
 1136.16138,
 306.675171,
  1158.99805,
 333.229523,
 1182.84192,
 310.986328,
 1183.05933,
 307.995422,
 1164.65479,
  331.854645,
 1152.17249,
 323.072906,
 1146.41541,
 316.942719,
 1116.34521,
 325.503815,
 1142.46423,
  303.107452,
 1140.51086,
 304.44165,
 1090.79761,
 264.300781,
 1090.10522,
 251.294998,
 1107.93384,
  274.707123,
 1130.19263,
 259.438599,
 1111.7312,
 274.323547,
 1085.23315,
 272.235016,
 1082.23315,
  267.021027,
 1149.84387,
 314.731018,
 1133.38025,
 331.816101,
 1147.61682,
 321.805573,
 1128.85779,
  336.205872,
 1093.7666,
 298.226166,
 1108.28528,
 306.608734,
 1115.26245,
 319.935699,
 1150.22534,
  294.976288,
 1142.56201,
 297.932434,
 1112.9342,
 274.218567,
 1084.28186,
 234.976395,
 1139.2207,
  250.086945,
 1169.22388,
 251.700104,
 1168.79346,
 252.396103,
 1153.63013,
 267.666901,
 1131.27441,
  246.9944,
 1161.12854,
 267.729309,
 1169.1958,
 258.635132,
 1180.44055,
 249.852234,
 1161.23486,
  265.839752,
 1139.97632,
 247.115891,
 1141.26221,
 237.288712,
 1149.57336,
 246.202942,
 1169.48755,
  232.991592,
 1156.04541,
 240.457642,
 1131.55872,
 232.21936,
 1110.79541,
 207.656754,
 1137.02588,
  232.889984,
 1148.4812,
 225.683624,
 1159.20496,
 217.522934,
 1145.53711,
 229.263885,
 1118.66699,
  201.677689,
 1116.45471,
 194.470749,
 1144.9104,
 208.483902,
 1183.84302,
 201.563675,
 1170.30933,
  211.119461,
 1144.84729,
 213.819427,
 1142.13757,
 213.717697,
 1165.99292,
 230.069962,
 1189.27649,
  215.308167,
 1196.44666,
 206.805252,
 1171.96497,
 229.411469,
 1159.7384,
 225.998108,
 1160.7345,
  226.169601,
 1183.72778,
 233.088089,
 1199.36096,
 219.482819,
 1185.92651,
 231.156219,
 1148.73816,
  232.484451,
 1163.65247,
 250.833237,
 1192.1958,
 279.422882,
 1184.79944,
 285.284058,
 1214.62988,
  254.518799,
 1199.22949,
 264.632507,
 1177.84644,
 248.83847,
 1156.5614,
 214.820877,
 1164.26758,
  205.311752,
 1181.76904,
 190.287079,
 1180.64648,
 189.362473,
 1142.3324,
 144.479126,
 1108.86023,
  101.371048,
 1132.64648,
 92.9614334,
 1120.82434,
 96.1979141,
 1120.42566,
 121.923088,
 1113.19373,
  134.775528,
 1089.36975,
 133.70726,
 1085.43799,
 130.591995,
 1119.40527,
 148.048615,
 1166.79944,
  182.352173,
 1144.24414,
 197.555389,
 1114.02844,
 213.887024,
 1080.7345,
 207.336136,
 1079.6969,
  210.208939,
 1101.31165,
 222.106323,
 1139.08911,
 265.374695,
 1158.48132,
 260.587708,
 1144.66003,
  272.516541,
 1107.82764,
 250.486649,
 1084.18848,
 218.697647,
 1137.13269,
 234.38942,
 1150.25867,
  223.890579,
 1164.81042,
 211.097046,
 1147.02832,
 226.633698,
 1126.31201,
 220.120056,
 1118.22888,
  205.072479,
  1129.88049,
 221.47316,
 1148.97375,
 211.863907,
 1136.52625,
 219.867371,
 1106.21533,
 223.96109,
  1086.89453,
 196.240051,
 1112.55078,
 199.386154,
 1113.64001,
 195.409683,
 1134.55908,
 177.983887,
  1115.98669,
 193.49324,
 1085.05396,
 183.136917,
 1102.70764,
 195.357529,
 1120.67358,
 218.613892,
  1145.98364,
 210.0466,
 1132.89087,
 222.807022,
 1122.40735,
 217.350525,
 1134.83582,
 225.120102,
  1174.42627,
 251.74321,
 1162.95984,
 262.248352,
 1158.19702,
 273.028137,
 1147.54639,
 284.390686,
  1114.79407,
 255.813248,
 1115.40564,
 245.739136,
 1110.02283,
 238.916061,
 1142.18103,
 210.419006,
  1120.53821,
 224.003265,
 1102.04224,
 208.752502,
 1099.04968,
 201.724976,
 1148.94617,
 218.430222,
  1176.17493,
 194.119232,
 1161.76819,
 200.539063,
 1157.37,
 204.372025,
 1141.88232,
 194.866608,
  1161.66431,
 208.376419,
 1168.56848,
 217.754364,
 1174.87817,
 212.600815,
 1145.38623,
 239.543198,
  1118.39087,
 217.936447,
 1124.08496,
 221.857025,
 1129.4198,
 228.844315,
 1163.672,
 197.825424,
  1126.95593,
 232.039261,
 1111.34143,
 233.014542,
 1122.05481,
 241.222946,
 1150.80103,
 271.071747,
  1152.96021,
 277.190491,
 1147.69141,
 278.401611,
 1130.66345,
 292.458557,
 1116.09937,
 285.533936,
  1149.15308,
 317.408142,
 1116.89807,
 345.41098,
 1128.95154,
 343.754639,
 1127.74609,
 344.015656,
  1091.28796,
 311.115845,
 1095.92542,
 304.495819,
 1128.17627,
 323.107697,
 1157.30188,
 304.679565,
  1134.72314,
 319.515839,
 1093.91919,
 295.364502,
 1088.83154,
 284.454895,
 1169.72229,
 325.884674,
  1198.38672,
 302.987091,
 1175.69641,
 319.003906,
 1168.23474,
 324.358337,
 1135.65027,
 288.450256,
  1182.63574,
 335.914917,
 1153.1626,
 367.753845,
 1170.26025,
 360.018219,
 1162.92126,
 363.061371,
  1127.05457,
 332.688202,
 1103.18042,
 296.404175,
 1125.69507,
 326.850067,
 1162.95947,
 300.630157,
  1135.45911,
 323.167114,
 1111.79834,
 335.099823,
 1072.39819,
 289.644623,
 1149.15515,
 309.248688,
  1156.7981,
 299.765625,
 1145.5332,
 310.873627,
 1129.04175,
 330.092072,
 1118.30054,
 322.703461,
  1135.5072,
 340.597198,
 1102.42273,
 367.931488,
 1111.52393,
 367.803894,
 1094.8219,
 381.190887,
  1050.97839,
 349.748535,
 1040.09326,
 321.82077,
 1094.57898,
 380.464905,
 1122.15649,
 364.927429,
  1110.46606,
 371.313873,
 1080.75745,
 355.269989,
 1057.88806,
 323.821716,
 1130.27344,
 354.082489,
  1152.48669,
 333.958221,
 1158.96204,
 328.55014,
 1148.45508,
 337.2547,
 1116.83301,
 299.949524,
  1121.12268,
 301.076477,
 1155.52795,
 332.180847,
 1188.31091,
 311.689087,
 1166.97546,
 326.216919,
  1140.38196,
 312.852722,
 1132.02258,
 302.451721,
 1195.9436,
 364.147064,
 1212.84375,
  356.141296,
 1185.43542,
 376.79834,
 1156.96667,
 399.774902,
 1147.28369,
 388.129852,
 1135.83301,
  369.057587,
 1106.2887,
 388.999237,
 1150.84961,
 370.455872,
 1122.96277,
 397.688934,
 1083.3053,
  361.714264,
 1071.87756,
 330.172058,
 1120.14685,
 371.944153,
 1177.16956,
 318.305237,
 1168.9198,
  322.785706,
 1113.71997,
 307.021179,
 1121.328,
 312.429291,
 1180.97083,
 312.513,
 1156.37,
  325.622528,
 1177.70422,
 308.932434,
 1166.0127,
 316.201385,
 1130.95667,
 276.645203,
 1120.56934,
  260.349304,
 1126.51941,
 266.864319,
 1160.41943,
 237.098892,
 1157.6416,
 235.506882,
 1122.03064,
  229.380737,
 1119.26831,
 225.854889,
 1175.17444,
 248.385223,
 1196.63794,
 246.189163,
 1179.58899,
  259.780151,
 1165.12683,
 271.609253,
 1177.70679,
 283.922333,
 1190.61902,
 295.497833,
 1165.90869,
  318.803528,
 1178.84497,
 307.393982,
 1169.47559,
 308.915741,
 1145.63574,
 286.741333,
 1130.12671,
  272.127594,
 1149.25146,
 285.392761,
 1182.2301,
 255.937119,
 1161.01184,
 274.951477,
 1121.38477,
  235.701874,
 1124.96082,
 235.959427,
 1189.22205,
 252.910355,
 1206.89087,
 240.359894,
 1198.37695,
  246.382523,
 1178.78345,
 265.695038,
 1167.59424,
 250.526718,
 1170.81641,
 248.767303,
 1171.51672,
  246.344437,
 1190.76465,
 228.245667,
 1166.85986,
 250.539871,
 1146.93701,
 232.235062,
 1138.98608,
  220.618866,
 1158.78979,
 250.582779,
 1201.5708,
 236.580109,
 1183.27173,
 257.076508,
 1159.04626,
  273.059784,
 1144.41138,
 257.503326,
 1170.96924,
 284.088043,
 1190.16516,
 277.213409,
 1187.36792,
  275.57605,
 1165.34387,
 300.641113,
 1140.72046,
 288.5448,
 1142.88477,
 281.051056,
 1101.42065,
  290.240112,
 1129.53503,
 259.069519,
 1112.90723,
 263.813751,
 1082.99353,
 259.902283,
 1091.17371,
  259.609436,
 1109.1084,
 279.569061,
 1136.21863,
 261.696564,
 1115.82483,
 279.861206,
 1112.54834,
  278.670105,
 1097.91223,
 264.272186,
 1154.0791,
 277.039917,
 1141.75281,
 284.507355,
 1158.22864,
  266.386719,
 1154.28638,
 268.841125,
 1134.06348,
 248.389328,
 1139.10095,
 247.854141,
 1152.20056,
  252.232269,
 1181.52722,
 222.238556,
 1139.21509,
 262.103821,
 1126.57751,
 252.453033,
 1119.75989,
  236.612381,
 1180.99438,
 263.551483,
 1201.40625,
 251.382553,
 1181.76367,
 278.567291,
 1162.04041,
  285.543488,
 1157.62817,
 283.51944,
 1161.02283,
 287.049164,
 1162.74683,
 288.993378,
 1176.17224,
  277.380676,
 1155.44116,
 296.9487,
 1142.84631,
 287.474243,
 1120.34546,
 246.737244,
 1088.03772,
  256.942932,
  1124.15771,
 229.72052,
 1107.19275,
 240.683258,
 1071.83911,
 217.03775,
 1096.10291,
 240.204865,
  1140.10205,
 280.236572,
 1172.77112,
 263.196838,
 1148.70422,
 286.556183,
 1142.36145,
 281.750946,
  1151.44324,
 290.090424,
 1219.33008,
 302.992249,
 1218.24048,
 304.895721,
 1207.7843,
 314.872589,
  1198.38538,
 324.867493,
 1171.17371,
 296.381287,
 1151.26611,
 273.150299,
 1142.55811,
 267.888336,
  1190.21521,
 222.307205,
 1153.28687,
 254.953049,
 1129.73376,
 235.044434,
 1118.64087,
 219.332504,
  1155.59509,
 252.614151,
 1188.21887,
 219.188904,
 1176.2605,
 228.872284,
 1157.41235,
 232.858887,
  1153.69238,
 231.688187,
 1181.69507,
 246.500687,
 1159.771,
 271.726318,
 1172.83447,
 271.142731,
  1144.26685,
 288.957825,
 1151.24377,
 302.117981,
 1136.70996,
 271.235077,
 1145.55872,
 278.339661,
  1174.72144,
 254.141754,
 1152.25256,
 271.472565,
 1128.29871,
 273.212006,
 1121.16101,
 264.650055,
  1151.75317,
 266.584106,
 1148.96252,
 262.290771,
 1145.23645,
 265.522827,
 1102.84448,
 225.081726,
  1105.83704,
 229.545456,
 1118.71204,
 243.547913,
 1095.12341,
 259.924805,
 1091.63354,
 267.405029,
  1079.34326,
 279.455322,
 1058.55359,
 262.459259,
 1069.91724,
 267.230743,
 1121.90747,
 280.050262,
  1137.90308,
 272.03952,
 1099.66357,
 306.090576,
 1076.6571,
 281.047211,
 1086.13257,
 285.192078,
  1165.6803,
 336.759033,
 1193.52185,
 316.991089,
 1193.9137,
 313.481781,
 1167.10974,
 334.596252,
  1156.12512,
 324.299744,
 1160.91748,
 331.228729,
 1170.95313,
 322.562683,
 1209.28918,
 290.398315,
  1173.61389,
 317.158875,
 1132.95593,
 289.193359,
 1104.69092,
 240.089905,
 1143.90808,
 283.369415,
  1176.75867,
 285.517822,
 1163.91724,
 306.56485,
 1128.59546,
 311.189392,
 1113.55444,
 296.372345,
  1150.99292,
 330.713959,
 1120.23743,
 363.865204,
 1145.83545,
 338.89444,
 1134.43091,
 351.27243,
  1105.98535,
 331.783997,
 1100.53345,
 319.194855,
 1109.58044,
 322.129669,
 1162.27563,
 294.279572,
  1144.13501,
 313.193542,
 1104.9585,
 310.017426,
 1092.92603,
 298.959015,
 1188.67871,
 334.280762,
  1199.8855,
 331.5513,
 1199.57117,
 329.034332,
 1173.21765,
 347.661713,
 1147.7699,
 323.294312,
  1170.18555,
 339.023041,
 1162.15125,
 335.562012,
 1209.50916,
 304.585419,
 1185.33069,
 317.43457,
  1139.52417,
 321.038757,
 1113.91309,
 297.501221,
 1164.70874,
 334.9198,
 1169.14355,
 331.156036,
  1169.31885,
 329.76593,
 1145.1272,
 351.130829,
 1111.99023,
 320.658081,
 1141.70459,
 352.891693,
  1121.4801,
 350.768372,
 1150.03674,
 329.482483,
 1140.49927,
 339.188904,
 1100.01782,
 292.985718,
  1095.62231,
 276.334198,
 1131.99353,
 298.156158,
 1157.03857,
 283.859741,
 1135.97974,
  296.909821,
 1117.19934,
 294.59256,
 1120.06946,
 285.366089,
 1188.88647,
 351.924805,
 1190.6073,
  356.986603,
 1188.88806,
 355.862579,
 1172.43811,
 372.551788,
 1145.19763,
 341.290466,
 1167.51917,
  358.903625,
 1169.88611,
 360.035217,
 1201.50854,
 336.733368,
 1178.03345,
 353.397247,
 1136.89697,
  315.231873,
 1111.35852,
 275.951233,
 1157.35571,
 302.556152,
 1195.85645,
 280.388733,
 1177.75635,
  292.003235,
 1137.58521,
 297.795258,
 1113.1676,
 269.604065,
 1157.37915,
 313.038208,
 1145.39856,
  331.146729,
 1157.50171,
 319.810913,
 1138.95654,
 338.270752,
 1138.93286,
 343.168427,
 1137.52637,
  340.928528,
 1134.95605,
 341.246277,
 1182.44873,
 306.985016,
 1170.40417,
 314.276978,
 1135.66455,
  327.506165,
 1112.18054,
 306.161896,
 1177.58728,
 331.142395,
 1188.68542,
 322.69339,
 1184.15759,
  327.561951,
 1120.41968,
 332.298492,
 1115.45496,
 331.373199,
 1155.80664,
 368.065308,
 1135.31763,
  369.182312,
 1158.35144,
 354.756836,
 1142.22278,
 357.689789,
 1118.67615,
 334.353241,
 1100.92261,
  295.903992,
 1154.76746,
 348.493164,
 1171.51245,
 339.476929,
 1164.86487,
 343.353546,
 1117.40833,
  323.459717,
 1115.9281,
 319.484863,
 1167.34998,
 368.051056,
 1171.76648,
 372.909241,
 1168.69775,
  375.55838,
 1156.14856,
 385.101196,
 1159.02673,
 387.403534,
 1141.27319,
 355.150177,
 1153.35559,
  341.628448,
 1180.15906,
 318.277435,
 1173.08057,
 328.053406,
 1141.16492,
 291.121704,
 1142.52368,
  285.202393,
 1160.55469,
 287.229187,
 1203.33032,
 251.215622,
 1171.70801,
 279.945129,
 1133.55042,
  268.701233,
 1168.36609,
 301.087585,
 1198.02905,
 321.877625,
 1203.77429,
 319.050873,
 1171.44641,
  350.8237,
 1143.60193,
 363.585388,
 1124.13477,
 345.321869,
 1163.08301,
 382.2966,
 1153.90149,
  384.742706,
 1187.69312,
 361.398834,
 1162.55591,
 381.00882,
 1084.46936,
 319.148834,
 1087.34412,
  314.052795,
 1141.93884,
 390.367065,
 1199.13245,
 350.775024,
 1178.99878,
 363.38269,
 1168.95154,
  351.658264,
 1145.8136,
 320.059113,
 1196.70752,
 362.741913,
 1224.88928,
 345.636292,
 1218.95667,
  352.178436,
 1210.14294,
 363.56955,
 1191.43457,
 349.078339,
 1167.73584,
 319.253235,
 1164.73218,
  324.549713,
 1186.24207,
 302.792786,
 1141.55933,
 331.921967,
 1109.94714,
 308.677063,
 1091.8689,
  283.628448,
 1100.98938,
 296.422852,
 1146.36707,
 273.375031,
 1113.71619,
 310.448761,
 1089.03406,
  305.945892,
 1089.57397,
 307.945526,
 1114.83752,
 319.81308,
 1107.89697,
 327.573456,
 1107.17004,
  328.41449,
  1079.50842,
 353.366241,
 1063.55981,
 334.092773,
 1078.01111,
 341.683258,
 1059.8678,
  334.896301,
 1112.89624,
 287.125519,
 1102.97412,
 291.24826,
 1065.3158,
 255.051376,
 1103.6731,
  304.016235,
 1143.2489,
 320.29538,
 1167.22815,
 302.847626,
 1149.22644,
 316.532135,
 1115.19751,
  321.646576,
 1101.81641,
 299.749023,
 1160.64282,
 348.693695,
 1167.58728,
 347.273315,
 1161.45166,
  351.739746,
 1148.57178,
 364.54892,
 1101.2157,
 314.269379,
 1125.22424,
 331.107513,
 1145.80725,
  340.996399,
 1198.18188,
 289.509338,
 1193.46008,
 278.803802,
 1168.82922,
 262.033966,
 1151.43237,
  241.743256,
 1202.93262,
 289.765381,
 1237.19934,
 264.271362,
 1216.27905,
 280.168427,
 1193.93652,
  297.540741,
 1176.08972,
 283.204132,
 1194.25598,
 301.093475,
 1170.823,
 322.236328,
 1180.01709,
  316.566223,
 1167.32825,
 327.979614,
 1146.40808,
 308.262024,
 1120.36353,
 272.772949,
 1146.88354,
  301.988373,
 1206.13696,
 260.309265,
 1183.48352,
 282.930328,
 1153.04871,
 273.576447,
 1149.20667,
  264.719604,
 1200.17822,
 266.655975,
 1203.10547,
 262.766022,
 1192.50439,
 275.386078,
 1171.3324,
  294.463623,
 1148.95056,
 278.965118,
 1149.85034,
 273.527435,
 1144.00403,
 264.458862,
 1150.20825,
  265.197845,
 1120.70215,
 293.977234,
 1079.91199,
 274.623047,
 1091.12427,
 278.485931,
 1138.05164,
  311.420563,
 1173.7002,
 298.592377,
 1145.59863,
 329.042969,
 1119.07214,
 353.090515,
 1100.48303,
  334.186981,
 1135.59766,
 370.231384,
 1147.74438,
 357.053101,
 1167.08533,
 337.874847,
 1141.53418,
  363.056732,
 1086.36267,
 333.65683,
 1089.9635,
 331.546661,
 1097.27649,
 340.751984,
 1148.5199,
  319.400024,
 1135.16199,
 330.085754,
 1108.40906,
 320.834991,
 1089.19128,
 296.208374,
 1154.98706,
  335.294586,
 1162.63062,
 329.352539,
 1172.59998,
 318.980347,
 1158.19482,
 327.08197,
 1129.80627,
  298.245239,
 1145.40576,
 309.448792,
 1146.21692,
 312.064148,
 1182.01257,
 276.195892,
 1155.30078,
  301.81604,
 1114.40283,
 294.349823,
 1081.08667,
 259.873108,
 1130.5,
 298.354828,
 1165.16809,
  269.745758,
 1152.6394,
 279.154022,
 1122.51123,
 297.452484,
 1112.98157,
 292.71579,
 1149.36597,
  323.734131,
 1150.20972,
 325.781403,
 1171.3584,
 303.403442,
 1163.83728,
 307.93576,
 1152.11621,
  296.667999,
 1142.11328,
 280.046326,
 1142.94495,
 280.590607,
 1188.66504,
 241.682907,
 1197.46558,
  231.424545,
 1157.94995,
 227.080246,
 1132.60291,
 209.030609,
 1166.03662,
 238.098114,
 1166.26013,
  242.566895,
 1168.55713,
 253.135757,
 1134.62549,
 282.745087,
 1112.08423,
 265.078766,
 1131.02527,
  278.599426,
  1139.39001,
 287.756561,
 1150.94763,
 284.023712,
 1130.68127,
 308.17627,
 1099.05664,
  295.979645,
 1094.71045,
 271.022583,
 1135.27185,
 280.51709,
 1140.25745,
 270.890411,
 1146.01428,
  261.373627,
 1115.50232,
 271.434692,
 1128.0553,
 290.252441,
 1138.23279,
 306.646637,
 1128.83911,
  312.021118,
 1152.62952,
 287.193848,
 1135.01099,
 299.596283,
 1106.15674,
 264.684052,
 1111.45276,
  263.468842,
 1159.91772,
 291.634247,
 1189.53589,
 271.398346,
 1182.78125,
 276.596283,
 1135.93701,
  246.144501,
 1142.57373,
 249.550522,
 1209.12549,
 298.410797,
 1206.31934,
 306.580231,
 1215.55994,
  300.747986,
 1198.73267,
 314.641632,
 1159.08191,
 302.253662,
 1144.49268,
 280.934601,
 1170.74109,
  308.898621,
 1197.76489,
 296.286896,
 1171.18286,
 317.359863,
 1135.0321,
 286.020966,
 1103.7677,
  244.480042,
 1165.0437,
 279.993652,
 1159.66687,
 293.049835,
 1171.9751,
 288.883087,
 1157.87146,
  298.161987,
 1143.22302,
 283.839478,
 1141.57703,
 283.363342,
 1162.14539,
 300.608002,
 1203.58606,
  267.893158,
 1179.87317,
 285.275024,
 1146.66248,
 271.556946,
 1125.14783,
 248.795364,
 1169.33069,
  237.371887,
 1179.59912,
 225.125992,
 1176.16199,
 227.371811,
 1159.54626,
 249.054886,
 1145.21411,
  237.097336,
 1151.526,
 235.725403,
 1140.12061,
 239.65657,
 1156.52344,
 223.881241,
 1136,
 244.607208,
  1114.01428,
 224.053848,
 1114.30359,
 220.850128,
 1142.34802,
 255.391678,
 1187.50977,
 244.908768,
  1165.35876,
 263.941376,
 1128.64746,
 277.245392,
 1112.40515,
 262.731628,
 1156.32629,
 291.537262,
  1160.9176,
 291.968475,
 1163.65454,
 295.81308,
 1141.35327,
 328.885559,
 1128.35913,
 318.417725,
  1109.94531,
 288.419189,
 1092.65735,
 272.067444,
 1122.74341,
 254.61264,
 1107.10559,
 264.065918,
  1090.84167,
 255.897537,
 1077.27173,
 238.69577,
 1109.5675,
 257.926178,
 1134.14514,
 231.235794,
  1114.92505,
 234.071228,
 1116.82874,
 237.29303,
 1114.23047,
 233.472961,
 1155.59033,
 271.394012,
  1134.2356,
 289.438141,
 1152.40686,
 277.733582,
 1135.81128,
 293.259979,
 1115.87878,
 276.298157,
  1129.03931,
 281.643555,
 1144.88196,
 293.733124,
 1184.07776,
 247.51767,
 1142.97803,
 272.975891,
  1130.91187,
 263.685272,
 1118.73364,
 250.553848,
 1195.41394,
 282.164917,
 1222.24524,
 262.044098,
  1213.49597,
 268.775421,
 1190.16418,
 293.624176,
 1174.94763,
 279.802521,
 1195.17749,
 302.408844,
  1188.24451,
 308.571442,
 1195.54297,
 300.9216,
 1166.40088,
 332.510498,
 1140.24475,
 308.619354,
  1123.07104,
 278.27063,
 1119.82471,
 272.879852,
 1158.49756,
 248.538681,
 1141.76355,
 264.383514,
  1109.98315,
 254.022003,
 1098.50781,
 234.023758,
 1131.89026,
 252.047363,
 1168.35754,
  228.550583,
 1172.32104,
 218.676727,
 1157.20459,
 238.55072,
 1138.40735,
 225.830429,
 1170.43433,
  254.501816,
 1145.01172,
 273.134399,
 1171.25745,
 249.871567,
 1145.88513,
 274.945801,
 1120.4436,
  255.633255,
 1109.96399,
 238.841171,
 1118.22266,
 254.303452,
 1147.44678,
 244.463547,
 1122.44141,
  265.059998,
 1092.57971,
 263.46521,
 1074.31165,
 238.267715,
 1127.42017,
 262.123932,
 1115.94458,
  273.639557,
 1146.58862,
 245.387299,
 1138.44092,
 259.275665,
 1124.39917,
 246.152969,
 1135.0564,
  248.357803,
 1152.75732,
 266.844116,
 1184.90698,
 253.397202,
 1183.13782,
 252.143158,
 1157.34827,
  241.25116,
 1151.34277,
 230.110367,
 1199.58374,
 244.461014,
 1202.55017,
 248.117493,
 1187.43188,
  245.02623,
 1162.37622,
 265.347992,
 1147.41357,
 249.21785,
 1147.03369,
 248.620514,
 1142.92249,
  243.365005,
 1155.59924,
 234.386246,
 1142.49084,
 243.505768,
 1110.36401,
 209.340668,
 1108.99512,
  201.117599,
 1157.48474,
 270.91452,
 1184.99829,
 259.451202,
 1171.20691,
 269.982208,
 1137.50647,
  266.486237,
 1139.54016,
 269.83609,
 1183.46375,
 301.593658,
 1180.89893,
 309.240143,
 1186.8324,
  310.720398,
 1165.26135,
 326.16983,
 1145.3739,
 302.166718,
 1124.58264,
 266.850677,
 1129.88171,
  272.967163,
 1172.87305,
 238.705231,
 1158.44214,
 251.210083,
 1120.19202,
 247.648254,
 1098.31177,
  226.103271,
 1134.99561,
 243.726196,
 1147.40808,
 224.544922,
 1148.67566,
 219.095749,
 1119.94641,
  234.958954,
 1110.56433,
 230.033966,
 1138.70117,
 254.014404,
 1126.6698,
 254.483917,
 1142.13367,
  244.089325,
 1130.96033,
 253.072601,
 1115.25244,
 240.044388,
 1124.52051,
 238.961655,
 1155.27405,
  277.380432,
 1179.2019,
 262.686584,
 1163.11719,
 277.272064,
 1135.38293,
 268.981262,
 1137.36304,
  272.274292,
 1185.02698,
 316.009705,
 1180.40918,
 320.653076,
 1177.50598,
 328.378174,
 1149.67749,
  351.159271,
 1111.10327,
 314.617218,
 1133.95374,
 335.207672,
 1127.86292,
 339.487671,
 1159.80286,
  327.040894,
 1136.38208,
 340.847534,
 1079.57874,
 301.057068,
 1091.39087,
 306.740326,
 1162.79565,
  376.297638,
 1192.28711,
 366.286896,
 1178.70874,
 372.380676,
 1158.55176,
 384.113251,
 1126.73755,
  345.865204,
 1161.6499,
 369.239258,
 1131.38293,
 399.518036,
 1145.62561,
 386.1315,
 1138.38977,
  392.112274,
 1087.72327,
 339.782227,
 1082.9873,
 329.730438,
 1103.39294,
 350.553284,
 1148.92615,
  309.719116,
 1116.3512,
 343.899933,
 1077.59045,
 343.130829,
 1088.79651,
 353.921478,
 1138.98596,
  335.846344,
  1146.82678,
 327.805664,
 1145.78674,
 327.702728,
 1128.5293,
 343.230286,
 1106.11267,
  318.411591,
 1143.90503,
 352.226898,
 1118.71167,
 373.796814,
 1151.93921,
 353.404236,
 1131.11829,
  373.799652,
 1096.39355,
 339.039612,
 1128.29395,
 368.60318,
 1166.26514,
 384.8349,
 1200.33545,
  353.637482,
 1175.58435,
 378.945435,
 1135.67432,
 385.56778,
 1122.12317,
 372.100555,
 1190.14148,
  385.320618,
 1213.68359,
 362.766846,
 1217.77698,
 352.455658,
 1180.8501,
 381.455048,
 1164.58264,
  368.804626,
 1179.16443,
 377.774689,
 1168.88428,
 383.876923,
 1175.29541,
 377.675842,
 1153.13403,
  394.160675,
 1100.44617,
 346.644714,
 1105.14124,
 345.199524,
 1120.90686,
 363.951996,
 1155.26196,
  337.792999,
 1139.69263,
 346.95639,
 1097.55139,
 317.198914,
 1104.27002,
 322.335785,
 1140.25049,
  364.909363,
 1176.53235,
 338.673828,
 1177.71472,
 333.891632,
 1166.10364,
 344.102844,
 1140.3905,
  316.342072,
 1178.76587,
 356.632233,
 1165.99634,
 371.203033,
 1154.68811,
 384.147064,
 1140.5791,
  400.111145,
 1131.24036,
 392.710419,
 1152.07129,
 411.080017,
 1153.67407,
 416.580017,
 1166.41895,
  406.298126,
 1146.98975,
 428.128479,
 1106.1095,
 418.078308,
 1096.65759,
 406.231384,
 1134.58618,
  426.646393,
 1196.50256,
 369.580627,
 1179.30627,
 376.88797,
 1111.80811,
 379.117035,
 1102.25793,
  371.237823,
 1135.25134,
 403.566681,
 1142.85364,
 396.344513,
 1147.22693,
 386.121368,
 1133.35999,
  400.533295,
 1101.63245,
 369.2883,
 1124.2052,
 385.644318,
 1103.97473,
 390.900421,
 1128.03784,
  372.239746,
 1122.97156,
 375.445007,
 1077.21814,
 318.928375,
 1090.89929,
 325.405548,
 1145.50122,
  371.835449,
 1170.79126,
 359.8591,
 1162.83533,
 361.970398,
 1162.28638,
 361.17868,
 1146.39746,
  344.311951,
 1218.0697,
 385.860657,
 1233.63416,
 373.214661,
 1232.69861,
 370.428314,
 1204.44946,
  397.877502,
 1172.4613,
 374.27005,
 1172.29565,
 366.977173,
 1167.08191,
 370.580505,
 1191.35376,
  348.513336,
 1152.13892,
 360.557312,
 1097.70374,
 336.592194,
 1104.47778,
 339.995392,
 1120.07117,
  361.991516,
