  1149.94556,
  4.43035316,
  1150.03735,
  4.44208241,
  1149.93848,
  4.19281864,
  1149.65479,
  3.79986119,
  1149.68896,
  3.48689556,
  1149.68896,
  3.46587849,
  1148.58069,
  3.17280984,
  1148.57971,
  3.35263515,
  1148.88269,
  3.69257903,
  1148.56189,
  4.32223129,
  1148.86365,
  4.23766422,
  1148.44312,
  4.59234142,
  1148.56018,
  4.85344887,
  1149.03906,
  5.33729601,
  1148.93396,
  5.13704634,
  1148.91711,
  5.07549429,
  1149.02429,
  5.01447392,
  1149.92029,
  5.16102743,
  1149.79749,
  5.13810301,
  1150.41626,
  4.9720273,
  1150.41077,
  4.60713148,
  1150.72302,
  4.22662735,
  1150.61853,
  3.9595201,
  1149.83301,
  3.66870522,
  1150.23389,
  3.8221693,
  1149.94458,
  4.08280134,
  1150.74915,
  3.72299576,
  1150.25769,
  3.69267845,
  1150.0885,
  3.87708139,
  1149.49695,
  3.80383539,
  1149.10449,
  4.20569992,
  1148.91077,
  4.44546223,
  1148.39746,
  4.86043406,
  1148.78345,
  5.005404,
  1148.95715,
  5.12409592,
  1149.9469,
  5.45611,
  1149.64734,
  5.25160789,
  1150.34216,
  5.74858999,
  1150.32458,
  5.53115225,
  1151.1261,
  5.2668252,
  1151.49109,
  4.91028786,
  1151.47205,
  4.85438347,
  1151.9895,
  51.2199707,
  1151.91699,
  56.6213303,
  1150.91431,
  64.0910416,
  1149.89563,
  65.0499268,
  1149.28406,
  65.0366898,
  1148.80188,
  107.90152,
  1148.21411,
  112.687965,
  1147.71362,
  112.935165,
  1148.04028,
  112.819809,
  1147.77185,
  112.67791,
  1148.88,
  101.475319,
  1148.99561,
  100.0065,
  1148.66052,
  61.0797691,
  1149.27722,
  56.767849,
  1149.17236,
  56.341732,
  1148.92603,
  9.53337097,
  1149.51245,
  4.86443281,
  1149.5188,
  4.2249155,
  1148.91882,
  3.92686963,
  1149.43018,
  51.0189857,
  1149.23755,
  56.3191795,
  1148.90771,
  56.9276352,
  1148.22595,
  56.9206543,
  1148.24182,
  56.9324951,
  1149.05457,
  56.9510345,
  1148.64783,
  56.9448471,
  1148.96509,
  56.8655548,
  1149.47107,
  56.8657455,
  1149.37109,
  56.8713379,
  1148.72974,
  9.01992798,
  1148.72168,
  5.27729511,
  1148.95789,
  51.4397202,
  1148.84204,
  56.9638405,
  1148.84204,
  57.577755,
  1148.23694,
  57.7078972,
  1148.94446,
  57.7096825,
  1149.90283,
  97.7915039,
  1149.87854,
  102.375122,
  1150.98499,
  102.809196,
  1150.98499,
  102.857491,
  1150.88513,
  102.867645,
  1149.72937,
  63.2354698,
  1150.22742,
  58.9086647,
  1150.11401,
  58.4771194,
  1150.40149,
  58.3504181,
  1150.31165,
  58.3507423,
  1149.26013,
  9.60207558,
  1148.46118,
  4.92743254,
  1147.97485,
  3.98779488,
  1148.08289,
  3.91919994,
  1148.49902,
  4.12517977,
  1148.58984,
  4.07528067,
  1148.16589,
  4.37223816,
  1147.97327,
  4.19569111,
  1147.58948,
  4.34848499,
  1147.38928,
  4.14642191,
  1147.35449,
  4.37684107,
  1147.86487,
  4.51241302,
  1147.26501,
  4.33086491,
  1147.56555,
  4.60022593,
  1146.83777,
  4.80552101,
  1146.22998,
  5.25516844,
  1146.65454,
  5.11153078,
  1146.82214,
  5.56284761,
  1147.92224,
  5.88456154,
  1148.42932,
  6.35612822,
  1148.84302,
  5.89599895,
  1147.7406,
  6.4560132,
  1148.13586,
  6.24772835,
  1148.43665,
  6.53156281,
  1148.36475,
  6.42179203,
  1149.27222,
  5.36435366,
  1148.87195,
  5.50597095,
  1149.00085,
  5.31644535,
  1148.97998,
  5.39291286,
  1149.15149,
  5.89451361,
  1149.36707,
  5.83739233,
  1150.47009,
  4.99395037,
  1150.4624,
  5.08208895,
  1150.15955,
  4.82516336,
  1150.65149,
  4.32514048,
  1150.26074,
  4.60067225,
  1150.95691,
  4.06098652,
  1150.88025,
  51.9581184,
  1149.79358,
  57.5379257,
  1149.12939,
  58.0381699,
  1148.91284,
  58.0982475,
  1148.198,
  58.3038177,
  1148.10718,
  58.4067039,
  1148.09509,
  58.4625854,
  1148.08679,
  58.4749184,
  1148.18787,
  58.355278,
  1147.58801,
  58.2550163,
  1146.8407,
  9.44193077,
  1147.22632,
  5.41408682,
  1147.51086,
  4.85423326,
  1147.51086,
  4.79692221,
  1147.41394,
  4.74441147,
  1147.49622,
  4.52691126,
  1148.18787,
  4.82528925,
  1147.79602,
  5.16824865,
  1147.69714,
  5.10869741,
  1148.2135,
  5.14146471,
  1149.02832,
  4.74995232,
  1149.5376,
  50.9063568,
  1148.3468,
  56.337986,
  1148.04712,
  56.9554634,
  1148.62451,
  56.9951096,
  1148.21741,
  57.115696,
  1147.02429,
  57.0081062,
  1147.72351,
  57.0233498,
  1148.29736,
  57.0906334,
  1149.18445,
  57.1087341,
  1149.16138,
  57.1751328,
  1148.56897,
  9.19805431,
  1149.45007,
  5.20869017,
  1149.66541,
  4.92052794,
  1150.36865,
  5.38074875,
  1151.06958,
  5.14806986,
  1151.76917,
  4.54544687,
  1150.66272,
  5.19904375,
  1150.77234,
  5.17717648,
  1149.28906,
  4.94724846,
  1149.70837,
  5.21067572,
  1149.81628,
  5.21814156,
  1150.11389,
  5.29284906,
  1150.4978,
  4.92835617,
  1150.09692,
  4.72500181,
  1149.50818,
  4.98433638,
  1148.90942,
  5.28654242,
  1149.73608,
  4.89015293,
  1149.31641,
  5.02366686,
  1150.01624,
  4.90148735,
  1148.91321,
  4.72569609,
  1149.10608,
  4.87207413,
  1149.51868,
  4.96352768,
  1148.80737,
  5.17929411,
  1148.70789,
  5.07708788,
  1149.30872,
  5.21783161,
  1149.72351,
  5.23831224,
  1150.01135,
  5.03827524,
  1150.3479,
  4.65035391,
  1150.54089,
  52.2196579,
  1150.93481,
  57.8118095,
  1152.32288,
  98.0918884,
  1151.0249,
  102.586273,
  1150.55432,
  103.097641,
  1150.05945,
  103.247139,
  1149.29822,
  114.236885,
  1148.9585,
  115.751869,
  1149.35986,
  115.89415,
  1149.15771,
  115.762573,
  1148.64746,
  71.0875473,
  1148.9585,
  65.9384689,
  1148.15515,
  65.3113937,
  1148.77051,
  65.3238907,
  1149.66064,
  65.438652,
  1149.66357,
  65.6530838,
  1149.09839,
  58.326149,
  1149.64307,
  57.3696251,
  1148.62744,
  57.2522507,
  1149.29993,
  57.3469887,
  1149.98901,
  57.3951607,
  1149.70349,
  57.3230057,
  1149.47156,
  9.07328701,
  1148.96826,
  5.32181311,
  1148.56934,
  5.41819429,
  1149.06201,
  5.13572121,
  1149.16589,
  5.06028128,
  1148.64648,
  5.06304121,
  1148.84875,
  4.82766533,
  1148.47766,
  4.21724844,
  1147.28723,
  3.71339321,
  1146.97339,
  3.64192843,
  1146.6687,
  3.46443033,
  1147.86694,
  4.3315587,
  1148.55713,
  4.81928444,
  1148.55713,
  4.87358761,
  1148.55237,
  4.9321723,
  1149.06042,
  4.89281082,
  1149.15894,
  4.6398263,
  1148.43127,
  4.85547924,
  1148.93396,
  4.46921825,
  1149.54016,
  4.22341681,
  1149.43274,
  4.36340475,
  1149.23779,
  4.25493717,
  1149.23779,
  4.24354029,
  1148.43042,
  4.7258563,
  1148.43018,
  4.82533121,
  1148.40991,
  4.91900969,
  1148.71716,
  5.19770241,
  1149.13672,
  4.64106512,
  1149.12598,
  4.65284443,
  1148.52661,
  4.72699833,
  1148.98608,
  50.3267708,
  1148.06372,
  55.7196198,
  1147.7738,
  56.2108536,
  1147.93689,
  64.2048645,
  1148.67114,
  107.83139,
  1148.09375,
  112.499672,
  1147.67395,
  113.018623,
  1147.66101,
  113.16452,
  1147.64172,
  113.318947,
  1147.93347,
  113.330544,
  1147.58252,
  70.8493881,
  1148.28271,
  66.0826874,
  1148.19202,
  66.3830032,
  1148.32971,
  57.9972954,
  1147.96289,
  9.67605591,
  1148.36157,
  4.20930147,
  1148.95313,
  4.09140873,
  1148.56543,
  4.46191931,
  1148.92114,
  50.5303955,
  1149.3988,
  94.6954498,
  1149.9978,
  99.6057358,
  1149.40674,
  100.156151,
  1149.21118,
  99.9575043,
  1149.6897,
  100.252907,
  1150.01294,
  100.293716,
  1150.51477,
  100.409821,
  1150.34888,
  100.26342,
  1150.03699,
  111.738258,
  1149.92542,
  70.3006058,
  1150.15051,
  59.415844,
  1149.85693,
  58.1384087,
  1150.04883,
  57.9782295,
  1150.55212,
  58.0133743,
  1150.53406,
  58.0740738,
  1150.23242,
  58.2054596,
  1149.73303,
  58.2593918,
  1149.745,
  58.2746964,
  1149.25403,
  8.92099285,
  1149.0553,
  3.95416141,
  1150.57385,
  3.98212147,
  1150.18335,
  4.01337862,
  1149.7627,
  4.70331097,
  1149.17029,
  4.8480916,
  1148.58215,
  4.99340868,
  1148.26074,
  5.00003767,
  1148.44385,
  5.233459,
  1148.41577,
  5.55735683,
  1148.79956,
  5.73408318,
  1148.69519,
  5.72070169,
  1147.89954,
  4.90983343,
  1148.80688,
  5.21342134,
  1149.52588,
  4.6080699,
  1149.79797,
  4.47640038,
  1150.48621,
  3.81095171,
  1151.23169,
  51.4784355,
  1150.62817,
  57.0952072,
  1150.66003,
  57.6673355,
  1150.04858,
  57.8870583,
  1150.43823,
  57.8738937,
  1149.89929,
  64.8499832,
  1150.422,
  108.719994,
  1149.8324,
  113.433617,
  1149.62378,
  127.056725,
  1149.14941,
  167.336914,
  1148.63794,
  171.503525,
  1149.01978,
  172.159195,
  1149.00403,
  172.361969,
  1149.02576,
  172.189453,
  1148.7262,
  172.433334,
  1150.2616,
  178.806519,
  1150.57214,
  156.939835,
  1150.54639,
  154.776917,
  1150.77112,
  154.942429,
  1149.18896,
  137.8134,
  1149.48804,
  135.912109,
  1149.53235,
  135.361115,
  1149.53235,
  135.299942,
  1149.19128,
  135.571167,
  1149.36353,
  135.808594,
  1148.50073,
  106.809097,
  1149.59888,
  103.559059,
  1149.71948,
  102.972839,
  1148.30676,
  62.655014,
  1148.30078,
  58.1462097,
  1148.79626,
  9.57030296,
  1149.00391,
  5.3338418,
  1148.71484,
  5.07448912,
  1149.21326,
  4.4020834,
  1150.01257,
  5.11760569,
  1149.59753,
  5.62301254,
  1148.98206,
  5.64362812,
  1148.8822,
  5.70341015,
  1149.1604,
  51.1256676,
  1149.46704,
  56.3516045,
  1149.75745,
  56.9541702,
  1150.354,
  57.0491943,
  1149.56128,
  57.055088,
  1149.86377,
  57.1897354,
  1149.16492,
  57.1861076,
  1149.96643,
  57.1233826,
  1149.96899,
  57.0945663,
  1150.8717,
  56.9844284,
  1150.57776,
  10.3308258,
  1150.06543,
  7.09649897,
  1148.68494,
  6.42676401,
  1147.49683,
  5.96943617,
  1148.3042,
  5.60595989,
  1148.30481,
  5.46008253,
  1148.297,
  5.34058714,
  1148.02759,
  5.17139959,
  1147.54004,
  5.58408594,
  1147.25891,
  5.43672991,
  1147.98535,
  4.98189354,
  1148.50525,
  4.48526573,
  1148.60498,
  4.25833797,
  1148.88806,
  4.03746605,
  1148.58777,
  4.28466749,
  1148.38806,
  4.16593599,
  1148.30066,
  3.92353439,
  1147.88452,
  4.25730705,
  1148.38855,
  3.92856073,
  1148.88074,
  4.28505993,
  1148.61768,
  51.0147934,
  1149.14014,
  56.388092,
  1149.72949,
  56.9874229,
  1150.84058,
  57.1161842,
  1151.43335,
  57.0075417,
  1151.63013,
  56.9253654,
  1151.41406,
  56.945282,
  1151.84509,
  56.7752762,
  1152.24695,
  56.6308212,
  1151.4303,
  56.6033058,
  1151.3147,
  9.0863924,
  1150.8866,
  4.50966644,
  1150.80115,
  4.34890461,
  1150.00171,
  3.86022902,
  1149.29053,
  4.15696859,
  1148.98328,
  3.94105911,
  1148.89441,
  4.1394515,
  1149.56372,
  4.58938217,
  1149.1554,
  4.61867857,
  1149.17603,
  4.75819731,
  1148.79529,
  5.01202631,
  1148.51892,
  4.6157527,
  1148.62073,
  4.79411888,
  1148.31274,
  4.63663054,
  1149.01245,
  4.81570625,
  1147.92896,
  5.54834986,
  1148.02161,
  5.63554525,
  1147.64355,
  5.07210684,
  1147.9502,
  4.62993145,
  1148.34009,
  4.67499065,
  1148.2179,
  5.0886941,
  1147.81421,
  5.34998894,
  1147.81824,
  5.4322319,
  1148.10718,
  5.74651146,
  1148.12952,
  5.69580173,
  1149.32385,
  4.5035758,
  1150.33008,
  5.08898735,
  1150.3335,
  5.25808907,
  1150.43799,
  5.14488745,
  1149.75476,
  5.41139936,
  1150.96851,
  4.89983606,
  1150.4762,
  5.5169692,
  1150.16003,
  5.65153503,
  1149.68848,
  5.66054535,
  1149.28552,
  5.48849773,
  1149.28516,
  5.50595188,
  1147.98633,
  4.73985481,
  1147.3822,
  4.57423067,
  1147.36926,
  4.5319562,
  1147.75342,
  4.76956511,
  1146.65405,
  4.45552921,
  1147.5542,
  4.0357542,
  1148.24158,
  4.52991152,
  1148.83789,
  4.50061369,
  1149.22949,
  4.73109961,
  1149.50647,
  4.94583702,
  1149.40686,
  4.9580164,
  1149.20959,
  5.04015636,
  1149.49072,
  5.33146095,
  1149.19739,
  5.56020308,
  1149.60999,
  5.31697845,
  1149.60522,
  5.27969265,
  1148.92932,
  4.44871855,
  1148.33276,
  4.56404448,
  1148.71521,
  5.41914034,
  1149.13342,
  5.55928946,
  1150.02258,
  6.04499865,
  1150.50879,
  5.80119801,
  1150.42969,
  5.49355984,
  1151.02856,
  5.30693913,
  1151.42151,
  51.5773048,
  1151.42944,
  56.9403152,
  1151.30957,
  57.4211426,
  1151.77795,
  57.5612335,
  1150.98669,
  57.6344032,
  1150.25439,
  57.7029381,
  1150.06604,
  57.6165924,
  1150.2948,
  57.5113297,
  1149.72302,
  57.409996,
  1149.03162,
  57.4212761,
  1148.81653,
  9.76593304,
  1148.7052,
  5.37554979,
  1148.44226,
  4.79880714,
  1148.53357,
  4.91386366,
  1149.34583,
  5.40796041,
  1149.65283,
  5.53683424,
  1148.94128,
  5.98579979,
  1148.41467,
  6.0215292,
  1148.38806,
  5.9468174,
  1148.18286,
  6.02689695,
  1147.67114,
  5.7216301,
  1147.76331,
  5.64142799,
  1147.85938,
  5.49558544,
  1147.28589,
  5.2650423,
  1146.58081,
  4.4627409,
  1146.28088,
  4.20184851,
  1146.59229,
  4.00450706,
  1147.21265,
  4.02649164,
  1147.82007,
  3.91611338,
  1148.59412,
  3.6725924,
  1149.93628,
  50.2728806,
  1149.54138,
  55.770649,
  1149.20667,
  64.0293274,
  1149.49097,
  65.0742035,
  1149.69116,
  65.305542,
  1149.91907,
  65.0230408,
  1149.73608,
  65.2099838,
  1149.3291,
  65.4308395,
  1149.44922,
  65.4601059,
  1149.46692,
  65.7770767,
  1148.45386,
  59.3733139,
  1149.04919,
  58.6483765,
  1149.83948,
  9.58793449,
  1149.43811,
  5.74388409,
  1149.43176,
  5.57629156,
  1149.22791,
  5.42490482,
  1149.20557,
  5.40336037,
  1148.80408,
  5.65947437,
  1148.50537,
  5.70925331,
  1148.31177,
  5.31136465,
  1149.01611,
  5.15185261,
  1148.30884,
  5.36492538,
  1148.32068,
  5.32380772,
  1149.03748,
  5.06627226,
  1149.03711,
  4.95929003,
  1149.22437,
  52.3868866,
  1149.7345,
  57.9051437,
  1150.22852,
  58.5568848,
  1150.42139,
  58.5097122,
  1151.18396,
  98.3637161,
  1150.99231,
  102.794334,
  1151.75073,
  103.589447,
  1150.76843,
  103.680038,
  1150.74829,
  103.732185,
  1150.55664,
  103.735451,
  1150.08643,
  63.2996292,
  1149.87964,
  58.7358665,
  1150.17603,
  58.1328049,
  1149.89233,
  58.0822411,
  1149.80432,
  58.8551292,
  1149.29309,
  58.8678398,
  1149.04407,
  58.7410812,
  1149.54932,
  58.6610985,
  1149.44373,
  58.7135315,
  1149.42273,
  58.6809731,
  1149.08081,
  58.5837479,
  1149.09216,
  58.5542831,
  1148.51245,
  58.6438942,
  1148.18005,
  58.615284,
  1148.31873,
  11.5241318,
  1148.82935,
  7.47396326,
  1149.36499,
  8.15378952,
  1149.84851,
  8.19819355,
  1149.37439,
  8.46609402,
  1149.68201,
  8.3541832,
  1150.09131,
  7.19557953,
  1150.29968,
  7.07749367,
  1151.11658,
  51.3030014,
  1151.55383,
  56.5972328,
  1151.56226,
  57.1684532,
  1152.06616,
  57.2501488,
  1151.08594,
  57.208519,
  1150.58044,
  57.2542801,
  1150.42651,
  57.3837318,
  1150.12671,
  57.3992958,
  1149.80505,
  64.2456818,
  1149.90161,
  64.7393646,
  1149.60156,
  64.9222412,
  1149.58557,
  65.0549316,
  1149.7782,
  64.9414749,
  1149.28247,
  64.910881,
  1149.99792,
  64.9528656,
  1149.80688,
  65.1639404,
  1150.53821,
  65.1727829,
  1150.25781,
  65.5235138,
  1150.52881,
  58.5407944,
  1149.61206,
  57.8473053,
  1149.72729,
  9.16670895,
  1149.93469,
  4.84353781,
  1149.7229,
  4.56477118,
  1149.71033,
  4.59225941,
  1149.02148,
  4.67588997,
  1149.30078,
  4.91612864,
  1148.88611,
  4.72731829,
  1149.17505,
  4.30886602,
  1149.13269,
  50.2409439,
  1149.34521,
  55.537529,
  1149.34497,
  56.0507011,
  1149.4552,
  56.1026497,
  1148.77222,
  56.1818275,
  1149.26721,
  56.1663628,
  1149.97046,
  56.1643753,
  1149.26721,
  56.1752357,
  1149.05859,
  56.2394447,
  1149.97803,
  95.45504,
  1148.88184,
  61.1509056,
  1149.58142,
  57.4165459,
  1149.18884,
  57.0365715,
  1149.18298,
  56.8944397,
  1149.48865,
  56.6930046,
  1148.22913,
  64.2982559,
  1148.28796,
  107.945328,
  1148.60364,
  112.783844,
  1149.10706,
  113.320702,
  1148.9115,
  70.9798508,
  1149.53003,
  66.0868225,
  1148.80286,
  65.5467987,
  1149.19043,
  65.6375046,
  1148.78979,
  65.6828079,
  1148.47656,
  65.405098,
  1149.17273,
  65.1450272,
  1149.38416,
  58.3236465,
  1150.46021,
  97.1233597,
  1149.70374,
  112.460327,
  1149.12756,
  114.345795,
  1149.12366,
  114.552124,
  1150.01685,
  114.705833,
  1149.70715,
  114.854698,
  1150.10913,
  115.100731,
  1150.82654,
  115.23999,
  1150.2356,
  69.9054947,
  1150.53052,
  65.1635742,
  1152.13501,
  96.1016006,
  1151.2998,
  60.9812851,
  1151.98462,
  57.1265221,
  1152.81116,
  95.5538483,
  1152.52148,
  99.9487152,
  1152.21082,
  100.41552,
  1151.47192,
  100.749992,
  1151.17639,
  100.791824,
  1151.25745,
  100.970245,
  1150.57214,
  100.90844,
  1149.17383,
  61.7290916,
  1148.47693,
  57.4590416,
  1147.78906,
  56.9194946,
  1146.83118,
  8.84001446,
  1146.23901,
  4.61386967,
  1146.87488,
  4.25988245,
  1147.77441,
  4.58929062,
  1148.46558,
  5.16133213,
  1148.76538,
  5.51112986,
  1149.17261,
  5.10547638,
  1150.18689,
  51.8598518,
  1149.69153,
  57.4254112,
  1150.3866,
  58.0033073,
  1150.78625,
  58.0200272,
  1151.46167,
  58.0904465,
  1150.83984,
  58.0912285,
  1149.95081,
  58.0892334,
  1149.94861,
  58.0253258,
  1149.82886,
  58.094059,
  1149.82495,
  58.1459885,
  1148.3938,
  9.93745518,
  1149.29309,
  5.04961348,
  1149.68579,
  5.06222343,
  1149.70044,
  5.41082239,
  1149.40344,
  5.04022169,
  1150.02307,
  4.87529516,
  1151.11023,
  4.97646952,
  1150.62683,
  4.63806868,
  1150.72607,
  4.51916218,
  1151.02551,
  4.30322695,
  1151.73755,
  3.51624179,
  1151.75317,
  3.33656836,
  1150.66235,
  3.50440669,
  1150.88599,
  51.1466255,
  1150.76379,
  56.6535378,
  1150.44629,
  57.3802605,
  1149.44141,
  57.5098991,
  1161.96057,
  3304677.25,
  1158.77393,
  367183.406,
  1158.96887,
  40795.3789,
  1159.49683,
  4482.08936,
  1159.65356,
  439.22345,
  1159.44629,
  9.70472336,
  1159.23425,
  59.1047592,
  1160.21631,
  64.7592926,
  1160.51184,
  65.2643127,
  1161.29834,
  65.0734406,
  1161.29871,
  65.2746277,
  1161.31531,
  65.2931366,
  1161.60254,
  65.3130417,
  1161.02905,
  58.880188,
  1160.80017,
  8.50210381,
  1160.90161,
  3.80021453,
  1161.50879,
  3.71541929,
  1160.81506,
  3.06978512,
  1161.61316,
  3.63435531,
  1162.12219,
  52.0010414,
  1162.40295,
  64.2005157,
  1162.30298,
  65.5624008,
  1161.92078,
  65.8189926,
  1163.11963,
  65.8488617,
  1163.10767,
  65.7682953,
  1163.80981,
  65.723877,
  1164.1001,
  66.4024811,
  1164.6001,
  66.6223526,
  1164.00562,
  66.4178238,
  1164.06567,
  57.9745903,
  1163.21228,
  9.85623169,
  1163.41162,
  5.42843533}
